time,x,y,z,MF
15:40:44:8,-34.08,-12.54,-20.77,41.84
15:40:44:8,-34.62,-12.87,-20.88,42.43
15:40:44:8,-33.81,-12.99,-20.99,41.86
15:40:44:9,-33.42,-13.04,-21.04,41.59
15:40:44:9,-32.93,-13.20,-20.88,41.17
15:40:44:9,-32.89,-13.04,-20.83,41.06
15:40:44:9,-32.74,-11.33,-20.37,40.19
15:40:44:9,-32.87,-11.33,-20.37,40.29
15:40:44:9,-33.08,-11.33,-20.37,40.47
15:40:45:0,-32.32,-12.75,-21.55,40.88
15:40:45:0,-31.88,-13.55,-22.22,41.16
15:40:45:0,-33.44,-12.62,-21.00,41.45
15:40:45:0,-33.53,-12.49,-20.89,41.43
15:40:45:0,-32.23,-11.84,-21.21,40.36
15:40:45:0,-32.17,-12.12,-21.48,40.53
15:40:45:1,-32.05,-12.70,-22.05,40.92
15:40:45:1,-32.86,-12.90,-21.65,41.42
15:40:45:1,-33.42,-13.04,-21.38,41.76
15:40:45:1,-32.39,-12.89,-20.94,40.67
15:40:45:1,-32.23,-12.87,-20.88,40.49
15:40:45:2,-31.71,-12.36,-23.05,41.11
15:40:45:2,-31.81,-12.08,-22.42,40.74
15:40:45:2,-32.05,-11.33,-20.71,39.81
15:40:45:2,-31.96,-12.35,-21.34,40.37
15:40:45:2,-31.88,-13.21,-21.88,40.86
15:40:45:2,-33.00,-12.37,-20.79,40.92
15:40:45:3,-33.25,-12.18,-20.54,40.94
15:40:45:3,-33.08,-12.36,-22.72,41.99
15:40:45:3,-32.93,-12.28,-22.28,41.61
15:40:45:3,-32.40,-12.01,-20.71,40.28
15:40:45:3,-33.16,-11.42,-21.45,41.11
15:40:45:3,-33.94,-10.82,-22.22,41.98
15:40:45:3,-32.62,-12.39,-21.96,41.23
15:40:45:4,-32.23,-12.87,-21.88,41.02
15:40:45:4,-34.28,-12.18,-21.21,42.11
15:40:45:4,-33.95,-12.04,-21.30,41.85
15:40:45:4,-32.40,-11.33,-21.71,40.61
15:40:45:4,-32.70,-11.94,-21.56,40.95
15:40:45:4,-33.08,-12.70,-21.38,41.38
15:40:45:5,-32.84,-12.45,-22.34,41.62
15:40:45:5,-32.74,-12.36,-22.72,41.72
15:40:45:5,-31.89,-12.19,-21.56,40.38
15:40:45:5,-31.88,-12.31,-21.46,40.36
15:40:45:5,-31.88,-13.21,-20.88,40.33
15:40:45:6,-31.61,-12.53,-21.54,40.25
15:40:45:6,-31.20,-11.50,-22.55,40.18
15:40:45:6,-33.26,-11.96,-21.43,41.34
15:40:45:6,-34.28,-12.18,-20.88,41.94
15:40:45:6,-32.02,-11.86,-21.82,40.53
15:40:45:6,-31.88,-11.79,-21.85,40.41
15:40:45:7,-31.88,-11.16,-21.55,40.07
15:40:45:7,-32.30,-11.22,-21.84,40.58
15:40:45:7,-33.08,-11.33,-22.38,41.52
15:40:45:7,-32.87,-10.90,-22.59,41.35
15:40:45:7,-32.74,-10.64,-22.72,41.25
15:40:45:7,-32.13,-11.87,-22.42,40.93
15:40:45:8,-32.09,-12.00,-22.41,40.94
15:40:45:8,-33.08,-11.67,-23.05,41.98
15:40:45:8,-33.08,-11.57,-22.65,41.73
15:40:45:8,-33.08,-11.33,-21.71,41.16
15:40:45:8,-32.88,-11.13,-22.10,41.15
15:40:45:8,-32.74,-10.99,-22.38,41.15
15:40:45:8,-34.34,-9.39,-22.24,41.98
15:40:45:9,-34.62,-9.10,-22.22,42.13
15:40:45:9,-32.91,-10.82,-20.88,40.45
15:40:45:9,-32.95,-10.68,-21.18,40.60
15:40:45:9,-33.08,-10.30,-22.05,41.07
15:40:45:9,-33.35,-10.39,-21.60,41.08
15:40:46:0,-33.59,-10.47,-21.21,41.09
15:40:46:0,-33.73,-9.24,-21.35,40.97
15:40:46:0,-33.77,-8.93,-21.38,40.95
15:40:46:0,-33.42,-10.64,-23.05,41.98
15:40:46:0,-33.57,-10.50,-22.98,42.02
15:40:46:0,-34.11,-9.96,-22.72,42.17
15:40:46:1,-33.53,-10.87,-22.31,41.71
15:40:46:1,-32.91,-11.84,-21.88,41.26
15:40:46:1,-32.91,-10.29,-21.12,40.43
15:40:46:1,-32.91,-9.79,-20.88,40.18
15:40:46:1,-33.08,-9.28,-22.72,41.19
15:40:46:1,-33.25,-9.39,-22.61,41.29
15:40:46:2,-34.11,-9.96,-22.05,41.82
15:40:46:2,-33.81,-9.21,-21.75,41.25
15:40:46:2,-33.42,-8.25,-21.38,40.52
15:40:46:2,-32.94,-9.22,-21.86,40.59
15:40:46:2,-32.74,-9.62,-22.05,40.63
15:40:46:2,-33.75,-8.27,-21.39,40.80
15:40:46:3,-33.93,-8.29,-21.46,41.00
15:40:46:3,-35.13,-8.59,-22.05,42.36
15:40:46:3,-34.80,-8.93,-21.59,41.91
15:40:46:3,-34.28,-9.45,-20.88,41.23
15:40:46:3,-34.05,-9.90,-21.99,41.73
15:40:46:3,-33.94,-10.13,-22.55,41.99
15:40:46:3,-32.66,-8.85,-22.24,40.49
15:40:46:4,-32.58,-8.85,-22.20,40.41
15:40:46:4,-32.74,-9.96,-22.05,40.71
15:40:46:4,-33.15,-10.02,-21.76,40.90
15:40:46:4,-33.94,-10.13,-21.21,41.28
15:40:46:4,-33.20,-9.39,-21.73,40.77
15:40:46:5,-32.74,-8.93,-22.05,40.47
15:40:46:5,-32.44,-10.15,-20.56,39.72
15:40:46:5,-32.43,-10.27,-20.42,39.68
15:40:46:5,-33.59,-9.10,-22.22,41.29
15:40:46:5,-33.95,-9.36,-22.17,41.61
15:40:46:5,-34.79,-9.96,-22.05,42.38
15:40:46:6,-34.99,-9.76,-21.66,42.30
15:40:46:6,-35.13,-9.62,-21.38,42.24
15:40:46:6,-33.84,-10.05,-22.37,41.79
15:40:46:6,-33.59,-10.13,-22.55,41.71
15:40:46:6,-33.14,-9.90,-21.88,40.92
15:40:46:6,-33.17,-10.05,-21.55,40.81
15:40:46:7,-33.94,-10.82,-21.55,41.63
15:40:46:7,-33.49,-10.37,-21.63,41.19
15:40:46:7,-33.08,-9.96,-21.71,40.80
15:40:46:7,-33.22,-9.55,-21.85,40.89
15:40:46:7,-33.25,-9.45,-21.88,40.91
15:40:46:7,-33.42,-8.59,-21.38,40.59
15:40:46:8,-33.35,-8.73,-21.79,40.79
15:40:46:8,-33.08,-9.28,-23.39,41.56
15:40:46:8,-33.33,-10.18,-22.99,41.75
15:40:46:8,-33.59,-11.16,-22.55,41.97
15:40:46:8,-32.95,-9.75,-22.17,40.90
15:40:46:8,-32.74,-9.28,-22.05,40.55
15:40:46:9,-33.77,-11.33,-22.72,42.24
15:40:46:9,-33.58,-11.14,-22.74,42.06
15:40:46:9,-32.57,-10.13,-22.89,41.07
15:40:46:9,-33.16,-9.98,-22.89,41.51
15:40:46:9,-33.94,-9.79,-22.89,42.09
15:40:46:9,-34.78,-10.39,-22.06,42.48
15:40:47:0,-35.13,-10.64,-21.71,42.65
15:40:47:0,-32.13,-10.64,-23.02,40.94
15:40:47:0,-32.26,-10.51,-23.11,41.06
15:40:47:0,-33.94,-9.45,-23.56,42.38
15:40:47:0,-33.87,-9.91,-22.98,42.11
15:40:47:0,-33.77,-10.64,-22.05,41.71
15:40:47:1,-34.55,-9.86,-21.72,41.98
15:40:47:1,-34.96,-9.45,-21.55,42.14
15:40:47:1,-34.33,-11.35,-22.48,42.57
15:40:47:1,-34.24,-11.39,-22.49,42.51
15:40:47:1,-33.59,-9.79,-21.55,41.09
15:40:47:1,-33.42,-9.62,-21.71,41.00
15:40:47:2,-33.08,-9.28,-22.05,40.82
15:40:47:2,-33.29,-9.69,-22.05,41.09
15:40:47:2,-33.42,-9.96,-22.05,41.26
15:40:47:2,-33.12,-9.66,-21.75,40.79
15:40:47:2,-33.09,-9.63,-21.72,40.74
15:40:47:3,-33.77,-10.30,-22.05,41.62
15:40:47:3,-33.82,-10.25,-21.90,41.57
15:40:47:3,-33.94,-10.13,-21.55,41.46
15:40:47:3,-33.74,-10.13,-22.30,41.70
15:40:47:3,-33.59,-10.13,-22.89,41.89
15:40:47:3,-33.74,-9.70,-22.75,41.83
15:40:47:3,-33.77,-9.62,-22.72,41.82
15:40:47:4,-33.25,-9.45,-21.21,40.56
15:40:47:4,-33.13,-9.49,-21.41,40.57
15:40:47:4,-32.74,-9.62,-22.05,40.63
15:40:47:4,-33.89,-10.24,-22.13,41.75
15:40:47:4,-34.96,-10.82,-22.22,42.81
15:40:47:4,-34.56,-10.68,-22.08,42.38
15:40:47:5,-34.45,-10.64,-22.05,42.26
15:40:47:5,-32.23,-7.74,-21.88,39.71
15:40:47:5,-32.43,-8.07,-21.88,39.94
15:40:47:5,-33.25,-9.45,-21.88,40.91
15:40:47:5,-34.45,-9.53,-21.96,41.95
15:40:47:5,-35.82,-9.62,-22.05,43.15
15:40:47:6,-33.54,-9.37,-22.79,41.62
15:40:47:6,-32.74,-9.28,-23.05,41.10
15:40:47:6,-33.94,-9.10,-22.89,41.93
15:40:47:6,-33.81,-9.13,-22.71,41.74
15:40:47:6,-33.08,-9.28,-21.71,40.64
15:40:47:6,-33.23,-9.28,-22.00,40.91
15:40:47:7,-33.42,-9.28,-22.38,41.28
15:40:47:7,-33.78,-9.16,-21.80,41.23
15:40:47:7,-33.94,-9.10,-21.55,41.22
15:40:47:7,-33.28,-8.77,-22.19,40.95
15:40:47:7,-33.22,-8.97,-22.25,40.98
15:40:47:8,-32.91,-10.82,-22.55,41.34
15:40:47:8,-33.42,-10.30,-22.30,41.48
15:40:47:8,-34.28,-9.45,-21.88,41.75
15:40:47:8,-33.95,-9.34,-21.99,41.51
15:40:47:8,-33.77,-9.28,-22.05,41.38
15:40:47:8,-33.61,-8.49,-22.82,41.50
15:40:47:9,-33.64,-8.41,-22.89,41.55
15:40:47:9,-34.45,-8.25,-23.05,42.27
15:40:47:9,-34.17,-8.64,-22.67,41.91
15:40:47:9,-33.59,-9.45,-21.88,41.19
15:40:47:9,-33.49,-9.55,-21.98,41.18
15:40:47:9,-33.42,-9.62,-22.05,41.18
15:40:47:9,-33.42,-10.21,-21.46,41.01
15:40:48:0,-33.44,-10.30,-21.39,41.01
15:40:48:0,-35.48,-9.96,-22.38,43.11
15:40:48:0,-35.05,-9.53,-22.53,42.74
15:40:48:0,-33.94,-8.42,-22.89,41.79
15:40:48:0,-34.41,-9.08,-22.24,41.97
15:40:48:0,-34.79,-9.62,-21.71,42.12
15:40:48:1,-33.38,-9.90,-21.99,41.18
15:40:48:1,-33.08,-9.96,-22.05,40.98
15:40:48:1,-33.42,-9.96,-21.71,41.08
15:40:48:1,-33.34,-9.56,-22.02,41.09
15:40:48:1,-33.08,-8.25,-23.05,41.16
15:40:48:2,-33.34,-8.34,-22.80,41.24
15:40:48:2,-33.59,-8.42,-22.55,41.33
15:40:48:2,-34.00,-8.29,-22.68,41.70
15:40:48:2,-34.11,-8.25,-22.72,41.80
15:40:48:2,-34.28,-9.10,-21.55,41.50
15:40:48:2,-34.18,-9.20,-21.70,41.52
15:40:48:3,-33.77,-9.62,-22.38,41.64
15:40:48:3,-34.40,-9.30,-22.54,42.16
15:40:48:3,-35.13,-8.93,-22.72,42.78
15:40:48:3,-34.01,-9.06,-23.09,42.09
15:40:48:3,-33.59,-9.10,-23.22,41.84
15:40:48:3,-33.94,-9.10,-23.89,42.49
15:40:48:4,-33.91,-9.08,-23.82,42.43
15:40:48:4,-33.77,-8.93,-23.39,42.04
15:40:48:4,-33.55,-9.57,-23.18,41.89
15:40:48:4,-33.25,-10.47,-22.89,41.70
15:40:48:4,-33.96,-9.54,-22.20,41.67
15:40:48:4,-34.28,-9.10,-21.88,41.67
15:40:48:4,-33.95,-7.79,-21.56,40.97
15:40:48:5,-33.89,-7.85,-21.72,41.01
15:40:48:5,-33.42,-8.93,-23.39,41.76
15:40:48:5,-33.42,-8.68,-23.39,41.71
15:40:48:5,-33.42,-8.25,-23.39,41.62
15:40:48:5,-33.64,-9.12,-22.32,41.39
15:40:48:6,-33.77,-9.62,-21.71,41.28
15:40:48:6,-32.52,-7.75,-22.63,40.37
15:40:48:6,-32.50,-7.67,-22.65,40.35
15:40:48:6,-34.62,-9.79,-21.21,41.77
15:40:48:6,-34.68,-9.74,-22.12,42.27
15:40:48:6,-34.79,-9.62,-24.06,43.38
15:40:48:7,-33.68,-9.92,-22.77,41.85
15:40:48:7,-32.91,-10.13,-21.88,40.80
15:40:48:7,-32.62,-10.43,-22.17,40.79
15:40:48:7,-32.57,-10.47,-22.22,40.79
15:40:48:7,-33.59,-9.79,-22.89,41.81
15:40:48:7,-33.83,-9.65,-22.84,41.94
15:40:48:8,-34.45,-9.28,-22.72,42.30
15:40:48:8,-33.89,-9.09,-22.90,41.90
15:40:48:8,-33.42,-8.93,-23.05,41.57
15:40:48:8,-33.56,-9.07,-23.19,41.79
15:40:48:8,-33.59,-9.10,-23.22,41.84
15:40:48:8,-32.40,-9.62,-24.06,41.48
15:40:48:9,-32.78,-9.46,-23.53,41.45
15:40:48:9,-34.11,-8.93,-21.71,41.41
15:40:48:9,-33.43,-9.27,-21.88,41.02
15:40:48:9,-32.74,-9.62,-22.05,40.63
15:40:48:9,-33.92,-9.49,-22.69,41.90
15:40:48:9,-34.28,-9.45,-22.89,42.29
15:40:49:0,-34.28,-10.13,-21.88,41.91
15:40:49:0,-34.19,-10.10,-22.15,41.97
15:40:49:0,-33.77,-9.96,-23.39,42.27
15:40:49:0,-33.84,-9.73,-22.86,41.98
15:40:49:0,-33.94,-9.45,-22.22,41.65
15:40:49:0,-33.82,-9.32,-22.82,41.85
15:40:49:1,-33.77,-9.28,-23.05,41.92
15:40:49:1,-33.60,-9.45,-22.55,41.55
15:40:49:1,-33.66,-9.43,-22.70,41.68
15:40:49:1,-34.11,-9.28,-23.72,42.57
15:40:49:1,-33.70,-8.86,-23.05,41.78
15:40:49:1,-33.08,-8.25,-22.05,40.60
15:40:49:2,-33.31,-8.25,-22.95,41.29
15:40:49:2,-33.42,-8.25,-23.39,41.62
15:40:49:2,-33.58,-8.73,-23.55,41.94
15:40:49:2,-33.52,-8.86,-23.40,41.83
15:40:49:2,-32.74,-9.96,-21.71,40.53
15:40:49:2,-32.56,-9.66,-21.89,40.40
15:40:49:3,-32.23,-9.10,-22.22,40.19
15:40:49:3,-33.83,-9.21,-21.90,41.34
15:40:49:3,-34.79,-9.28,-21.71,42.05
15:40:49:3,-33.72,-8.51,-21.86,41.07
15:40:49:3,-33.61,-8.47,-21.90,41.00
15:40:49:3,-34.11,-9.96,-22.38,42.00
15:40:49:4,-34.21,-9.86,-22.69,42.22
15:40:49:4,-34.45,-9.62,-23.39,42.74
15:40:49:4,-33.06,-8.83,-23.39,41.45
15:40:49:4,-32.05,-8.25,-23.39,40.53
15:40:49:4,-33.65,-8.40,-23.25,41.76
15:40:49:4,-33.94,-8.42,-23.22,41.97
15:40:49:5,-33.42,-10.99,-22.38,41.70
15:40:49:5,-33.60,-10.46,-22.73,41.89
15:40:49:5,-34.11,-8.93,-23.72,42.50
15:40:49:5,-33.47,-9.03,-22.92,41.56
15:40:49:5,-32.91,-9.10,-22.22,40.74
15:40:49:5,-33.73,-9.10,-21.68,41.12
15:40:49:6,-33.94,-9.10,-21.55,41.22
15:40:49:7,-34.28,-9.79,-22.22,42.01
15:40:49:7,-33.92,-9.86,-22.43,41.84
15:40:49:7,-32.57,-10.13,-23.22,41.26
15:40:49:7,-32.90,-9.31,-22.90,41.15
15:40:49:7,-33.25,-8.42,-22.55,41.05
15:40:49:7,-32.99,-8.94,-23.56,41.52
15:40:49:7,-33.35,-9.02,-23.63,41.86
15:40:49:7,-33.77,-8.93,-23.39,42.04
15:40:49:7,-33.77,-8.93,-23.86,42.30
15:40:49:7,-33.77,-8.93,-24.39,42.60
15:40:49:7,-33.77,-8.43,-24.15,42.36
15:40:49:8,-33.77,-8.25,-24.06,42.27
15:40:49:8,-33.77,-9.27,-23.40,42.11
15:40:49:8,-33.54,-9.33,-23.17,41.82
15:40:49:8,-32.40,-9.62,-22.05,40.35
15:40:49:8,-33.06,-9.11,-21.83,40.65
15:40:49:8,-33.94,-8.42,-21.55,41.07
15:40:49:9,-33.70,-9.12,-23.61,42.15
15:40:49:9,-33.59,-9.45,-24.56,42.67
15:40:49:9,-33.27,-9.45,-22.98,41.53
15:40:49:9,-33.21,-9.07,-22.93,41.36
15:40:49:9,-32.91,-6.37,-23.22,40.78
15:40:50:0,-32.91,-6.37,-23.22,40.78
15:40:50:0,-33.21,-8.74,-22.64,41.13
15:40:50:0,-33.26,-9.11,-22.55,41.20
15:40:50:0,-33.94,-9.45,-23.22,42.19
15:40:50:0,-33.42,-9.30,-22.80,41.51
15:40:50:0,-32.05,-8.93,-21.71,39.73
15:40:50:0,-32.43,-8.93,-23.18,40.85
15:40:50:1,-32.74,-8.93,-24.39,41.79
15:40:50:1,-33.30,-8.10,-23.30,41.44
15:40:50:1,-33.42,-7.91,-23.05,41.37
15:40:50:1,-33.77,-8.59,-24.06,42.34
15:40:50:1,-33.96,-8.86,-23.95,42.49
15:40:50:2,-34.62,-9.79,-23.56,43.00
15:40:50:2,-33.77,-9.28,-23.22,42.02
15:40:50:2,-32.91,-8.76,-22.89,41.03
15:40:50:2,-33.04,-8.37,-22.76,40.98
15:40:50:2,-33.08,-8.25,-22.72,40.97
15:40:50:2,-32.74,-7.22,-23.05,40.69
15:40:50:3,-32.99,-7.65,-22.99,40.93
15:40:50:3,-34.11,-9.62,-22.72,42.10
15:40:50:3,-33.80,-9.15,-23.17,41.99
15:40:50:3,-33.42,-8.59,-23.72,41.88
15:40:50:3,-33.30,-8.47,-22.39,41.01
15:40:50:3,-33.25,-8.42,-21.88,40.69
15:40:50:3,-34.62,-9.10,-23.22,42.66
15:40:50:4,-34.41,-9.08,-23.11,42.44
15:40:50:4,-33.08,-8.93,-22.38,40.93
15:40:50:4,-32.94,-8.66,-22.65,40.91
15:40:50:4,-32.74,-8.25,-23.05,40.88
15:40:50:4,-33.55,-8.60,-22.94,41.54
15:40:50:4,-33.94,-8.76,-22.89,41.86
15:40:50:5,-35.24,-8.44,-24.48,43.73
15:40:50:5,-35.10,-8.27,-24.30,43.48
15:40:50:5,-32.91,-6.71,-21.55,39.90
15:40:50:5,-33.34,-7.50,-21.84,40.56
15:40:50:5,-34.11,-8.93,-22.38,41.76
15:40:50:6,-33.35,-9.04,-22.28,41.12
15:40:50:6,-32.91,-9.10,-22.22,40.74
15:40:50:6,-33.37,-7.41,-22.37,40.85
15:40:50:6,-33.46,-7.28,-22.37,40.91
15:40:50:6,-34.45,-8.59,-22.05,41.79
15:40:50:6,-34.29,-8.64,-22.41,41.87
15:40:50:7,-33.94,-8.76,-23.22,42.04
15:40:50:7,-33.94,-9.16,-23.03,42.02
15:40:50:7,-33.94,-9.45,-22.89,42.01
15:40:50:7,-34.97,-9.30,-22.74,42.73
15:40:50:7,-35.13,-9.28,-22.72,42.86
15:40:50:7,-34.96,-8.08,-23.22,42.74
15:40:50:8,-34.78,-8.26,-22.87,42.44
15:40:50:8,-34.28,-8.76,-21.88,41.60
15:40:50:8,-34.46,-9.68,-22.06,42.05
15:40:50:8,-34.62,-10.47,-22.22,42.45
15:40:50:8,-34.07,-8.54,-21.67,41.27
15:40:50:8,-33.94,-8.08,-21.55,41.00
15:40:50:9,-35.48,-8.93,-21.38,42.37
15:40:50:9,-35.29,-8.97,-21.34,42.21
15:40:50:9,-34.62,-9.10,-21.21,41.61
15:40:50:9,-34.87,-8.85,-21.13,41.72
15:40:50:9,-35.13,-8.59,-21.04,41.85
15:40:50:9,-34.49,-8.46,-20.92,41.21
15:40:50:9,-34.28,-8.42,-20.88,41.01
15:40:51:0,-35.65,-8.08,-21.21,42.26
15:40:51:0,-35.79,-7.88,-21.35,42.41
15:40:51:0,-36.50,-6.88,-22.05,43.20
15:40:51:0,-35.90,-7.33,-21.46,42.47
15:40:51:0,-35.13,-7.91,-20.71,41.54
15:40:51:1,-36.11,-6.69,-20.23,41.93
15:40:51:1,-36.50,-6.20,-20.04,42.10
15:40:51:1,-37.17,-5.19,-20.69,42.86
15:40:51:1,-37.13,-5.23,-20.69,42.82
15:40:51:1,-36.67,-5.68,-20.54,42.42
15:40:51:1,-37.21,-5.28,-20.80,42.96
15:40:51:2,-38.04,-4.66,-21.21,43.80
15:40:51:2,-37.14,-4.43,-21.43,43.11
15:40:51:2,-36.67,-4.31,-21.55,42.75
15:40:51:2,-36.99,-3.67,-21.55,42.97
15:40:51:2,-36.97,-3.68,-21.50,42.92
15:40:51:2,-36.33,-4.31,-20.88,42.12
15:40:51:3,-36.63,-4.26,-20.70,42.29
15:40:51:3,-37.19,-4.14,-20.37,42.60
15:40:51:3,-36.87,-5.09,-20.68,42.58
15:40:51:3,-36.67,-5.68,-20.88,42.58
15:40:51:3,-38.34,-2.80,-21.91,44.25
15:40:51:3,-38.58,-2.48,-22.04,44.50
15:40:51:4,-39.41,-4.31,-21.88,45.28
15:40:51:4,-39.01,-4.31,-22.08,45.03
15:40:51:4,-38.04,-4.31,-22.55,44.43
15:40:51:4,-37.17,-4.02,-22.84,43.81
15:40:51:4,-36.50,-3.80,-23.05,43.34
15:40:51:4,-36.79,-3.80,-22.49,43.29
15:40:51:5,-36.85,-3.80,-22.38,43.28
15:40:51:5,-36.16,-3.46,-22.05,42.49
15:40:51:5,-36.16,-3.46,-22.38,42.67
15:40:51:5,-36.16,-3.46,-23.39,43.20
15:40:51:5,-36.61,-4.44,-23.48,43.71
15:40:51:5,-37.02,-5.34,-23.56,44.20
15:40:51:6,-38.10,-5.07,-22.76,44.67
15:40:51:6,-38.39,-5.00,-22.55,44.80
15:40:51:6,-37.87,-4.48,-22.38,44.22
15:40:51:6,-37.94,-4.90,-22.32,44.29
15:40:51:6,-38.21,-6.54,-22.05,44.60
15:40:51:6,-37.89,-6.38,-21.73,44.14
15:40:51:7,-37.53,-6.20,-21.38,43.63
15:40:51:7,-38.55,-7.98,-20.38,44.33
15:40:51:7,-38.90,-8.59,-20.04,44.59
15:40:51:7,-38.73,-8.42,-20.88,44.79
15:40:51:7,-38.78,-8.42,-20.93,44.86
15:40:51:7,-39.07,-8.42,-21.21,45.25
15:40:51:8,-38.71,-8.93,-21.00,44.93
15:40:51:8,-38.21,-9.62,-20.71,44.52
15:40:51:8,-37.38,-9.98,-21.29,44.16
15:40:51:8,-37.02,-10.13,-21.55,44.01
15:40:51:8,-38.84,-10.63,-21.38,45.60
15:40:51:9,-38.75,-10.64,-21.38,45.52
15:40:51:9,-37.53,-10.64,-21.38,44.48
15:40:51:9,-37.34,-11.61,-21.57,44.65
15:40:51:9,-37.02,-13.21,-21.88,44.98
15:40:51:9,-37.46,-13.43,-21.66,45.31
15:40:51:9,-37.70,-13.55,-21.55,45.49
15:40:51:9,-38.33,-13.55,-20.31,45.45
15:40:52:0,-38.38,-13.52,-20.27,45.46
15:40:52:0,-38.21,-13.04,-21.38,45.69
15:40:52:0,-37.59,-12.98,-20.99,44.97
15:40:52:0,-36.33,-12.87,-20.21,43.52
15:40:52:0,-37.57,-12.04,-20.81,44.60
15:40:52:0,-38.39,-11.50,-21.21,45.34
15:40:52:1,-39.43,-10.45,-21.06,45.91
15:40:52:1,-39.59,-10.30,-21.03,46.00
15:40:52:1,-39.75,-10.47,-20.21,45.81
15:40:52:1,-39.32,-10.52,-20.16,45.42
15:40:52:1,-38.21,-10.64,-20.04,44.44
15:40:52:1,-38.59,-10.46,-20.22,44.81
15:40:52:2,-38.90,-10.30,-20.37,45.10
15:40:52:2,-39.18,-10.59,-20.65,45.54
15:40:52:2,-39.24,-10.64,-20.71,45.63
15:40:52:2,-39.58,-9.96,-20.37,45.62
15:40:52:2,-39.62,-10.08,-20.18,45.59
15:40:52:2,-39.75,-10.47,-19.54,45.52
15:40:52:3,-40.28,-10.65,-19.88,46.16
15:40:52:3,-40.78,-10.82,-20.21,46.78
15:40:52:3,-39.58,-9.62,-19.29,45.07
15:40:52:3,-39.24,-9.28,-19.03,44.59
15:40:52:3,-38.90,-7.91,-19.70,44.31
15:40:52:4,-38.90,-8.04,-19.83,44.39
15:40:52:4,-38.90,-8.59,-20.37,44.74
15:40:52:4,-38.82,-8.51,-20.30,44.62
15:40:52:4,-38.73,-8.42,-20.21,44.49
15:40:52:4,-38.48,-8.17,-21.19,44.68
15:40:52:4,-38.39,-8.08,-21.55,44.75
15:40:52:5,-39.92,-6.54,-20.71,45.45
15:40:52:5,-39.81,-6.42,-20.78,45.36
15:40:52:5,-39.07,-5.68,-21.21,44.82
15:40:52:5,-38.51,-5.82,-21.49,44.48
15:40:52:5,-37.70,-6.02,-21.88,44.00
15:40:52:5,-38.87,-6.49,-21.65,44.97
15:40:52:5,-39.41,-6.71,-21.55,45.41
15:40:52:6,-37.94,-6.55,-21.06,43.89
15:40:52:6,-38.06,-6.44,-21.04,43.97
15:40:52:6,-39.92,-5.51,-21.04,45.47
15:40:52:6,-40.05,-5.51,-21.29,45.69
15:40:52:6,-40.27,-5.51,-21.71,46.08
15:40:52:7,-39.40,-5.73,-21.93,45.45
15:40:52:7,-38.90,-5.85,-22.05,45.09
15:40:52:7,-39.21,-4.92,-21.74,45.10
15:40:52:7,-39.16,-4.82,-21.75,45.05
15:40:52:7,-37.36,-4.66,-22.55,43.88
15:40:52:7,-38.18,-5.36,-22.71,44.74
15:40:52:8,-39.92,-6.88,-23.05,46.61
15:40:52:8,-39.12,-5.67,-22.66,45.56
15:40:52:8,-38.56,-4.83,-22.38,44.84
15:40:52:8,-38.70,-4.98,-22.24,44.91
15:40:52:8,-38.73,-5.00,-22.22,44.93
15:40:52:8,-39.24,-5.17,-23.05,45.80
15:40:52:9,-38.78,-5.26,-22.69,45.24
15:40:52:9,-37.53,-5.51,-21.71,43.71
15:40:52:9,-37.53,-6.07,-21.89,43.87
15:40:52:9,-37.53,-6.54,-22.05,44.02
15:40:52:9,-38.51,-5.00,-22.46,44.86
15:40:52:9,-38.73,-4.66,-22.55,45.06
15:40:53:0,-37.53,-6.20,-22.72,44.31
15:40:53:0,-37.80,-6.31,-22.83,44.61
15:40:53:0,-38.73,-6.71,-23.22,45.65
15:40:53:0,-38.81,-6.29,-22.64,45.37
15:40:53:0,-38.90,-5.85,-22.05,45.09
15:40:53:0,-38.51,-6.77,-22.95,45.33
15:40:53:1,-38.39,-7.05,-23.22,45.41
15:40:53:1,-38.73,-6.02,-21.88,44.89
15:40:53:1,-38.88,-6.00,-21.91,45.03
15:40:53:1,-39.58,-5.85,-22.05,45.69
15:40:53:1,-39.35,-5.78,-21.82,45.37
15:40:53:1,-39.07,-5.68,-21.55,44.98
15:40:53:2,-38.21,-5.07,-22.39,44.57
15:40:53:2,-37.87,-4.83,-22.72,44.43
15:40:53:2,-39.74,-5.68,-21.22,45.41
15:40:53:2,-39.51,-5.66,-21.28,45.23
15:40:53:2,-37.87,-5.51,-21.71,44.00
15:40:53:2,-38.42,-5.10,-21.44,44.30
15:40:53:3,-39.24,-4.48,-21.04,44.75
15:40:53:3,-38.67,-4.83,-20.70,44.13
15:40:53:3,-38.39,-5.00,-20.54,43.82
15:40:53:3,-39.84,-5.16,-21.65,45.63
15:40:53:3,-39.97,-5.24,-21.78,45.82
15:40:53:3,-40.44,-6.02,-22.55,46.69
15:40:53:4,-40.08,-5.78,-22.08,46.12
15:40:53:4,-39.41,-5.34,-21.21,45.07
15:40:53:4,-39.52,-5.24,-21.52,45.30
15:40:53:4,-39.58,-5.17,-21.71,45.44
15:40:53:4,-38.36,-5.78,-22.92,45.05
15:40:53:4,-38.23,-5.84,-22.99,44.99
15:40:53:5,-38.56,-5.51,-21.04,44.27
15:40:53:5,-39.08,-4.99,-20.94,44.62
15:40:53:5,-40.27,-3.80,-20.71,45.44
15:40:53:5,-38.59,-4.49,-21.19,44.26
15:40:53:5,-37.36,-5.00,-21.55,43.41
15:40:53:5,-39.40,-3.83,-20.69,44.66
15:40:53:6,-39.75,-3.63,-20.54,44.89
15:40:53:6,-39.24,-4.48,-22.38,45.40
15:40:53:6,-39.20,-4.71,-22.60,45.49
15:40:53:6,-39.07,-5.34,-23.22,45.76
15:40:53:6,-39.25,-4.25,-23.04,45.71
15:40:53:6,-39.41,-3.29,-22.89,45.69
15:40:53:7,-38.86,-3.01,-22.62,45.06
15:40:53:7,-38.73,-2.94,-22.55,44.91
15:40:53:7,-39.24,-3.80,-22.72,45.50
15:40:53:7,-38.99,-3.98,-22.90,45.39
15:40:53:7,-38.04,-4.66,-23.56,44.99
15:40:53:7,-37.88,-4.32,-23.88,44.99
15:40:53:8,-37.70,-3.97,-24.23,44.99
15:40:53:8,-39.26,-3.97,-24.73,46.57
15:40:53:8,-39.75,-3.97,-24.90,47.07
15:40:53:8,-36.50,-1.75,-25.40,44.51
15:40:53:8,-36.53,-1.89,-25.48,44.58
15:40:53:8,-36.67,-2.60,-25.90,44.98
15:40:53:9,-36.98,-2.60,-26.49,45.56
15:40:53:9,-37.36,-2.60,-27.24,46.31
15:40:53:9,-36.39,-1.63,-26.77,45.20
15:40:53:9,-35.99,-1.23,-26.57,44.75
15:40:53:9,-35.99,-1.57,-29.20,46.37
15:40:53:9,-35.95,-1.54,-29.02,46.22
15:40:54:0,-35.65,-1.23,-27.24,44.88
15:40:54:0,-35.31,-0.63,-27.31,44.64
15:40:54:0,-34.79,0.31,-27.41,44.29
15:40:54:0,-35.13,0.42,-28.41,45.18
15:40:54:0,-35.31,0.48,-28.92,45.64
15:40:54:0,-36.58,1.12,-28.61,46.45
15:40:54:1,-36.69,1.05,-28.50,46.47
15:40:54:1,-36.85,-0.38,-27.41,45.92
15:40:54:1,-36.32,-0.09,-27.01,45.26
15:40:54:1,-35.31,0.48,-26.24,43.99
15:40:54:1,-35.41,-0.05,-27.37,44.76
15:40:54:1,-35.48,-0.38,-28.08,45.25
15:40:54:2,-36.39,0.53,-28.38,46.15
15:40:54:2,-36.47,0.67,-28.40,46.23
15:40:54:2,-35.31,1.50,-27.58,44.83
15:40:54:2,-36.17,1.25,-27.93,45.71
15:40:54:2,-38.21,0.65,-28.75,47.83
15:40:54:2,-37.44,0.45,-28.94,47.32
15:40:54:3,-36.85,0.31,-29.09,46.94
15:40:54:3,-36.85,0.31,-27.68,46.08
15:40:54:3,-36.85,0.31,-27.41,45.92
15:40:54:3,-37.36,3.22,-27.24,46.35
15:40:54:3,-37.10,2.79,-27.66,46.36
15:40:54:3,-36.33,1.50,-28.92,46.46
15:40:54:4,-36.60,0.88,-28.83,46.60
15:40:54:4,-36.85,0.31,-28.75,46.74
15:40:54:4,-35.49,0.85,-27.95,45.18
15:40:54:4,-35.13,0.99,-27.75,44.78
15:40:54:4,-35.13,2.02,-29.42,45.87
15:40:54:5,-35.38,1.91,-28.98,45.77
15:40:54:5,-36.33,1.50,-27.24,45.44
15:40:54:5,-36.58,1.10,-27.64,45.86
15:40:54:5,-36.85,0.65,-28.08,46.33
15:40:54:5,-36.72,1.03,-28.71,46.62
15:40:54:5,-36.67,1.16,-28.92,46.72
15:40:54:6,-36.33,1.85,-28.92,46.47
15:40:54:6,-36.31,1.77,-28.63,46.27
15:40:54:6,-36.16,1.33,-27.08,45.19
15:40:54:6,-35.80,0.82,-27.43,45.11
15:40:54:6,-35.31,0.13,-27.91,45.01
15:40:54:6,-36.15,1.21,-28.50,46.05
15:40:54:6,-36.50,1.67,-28.75,46.50
15:40:54:7,-36.00,0.84,-27.28,45.18
15:40:54:7,-35.91,0.78,-27.24,45.08
15:40:54:7,-35.31,0.48,-27.24,44.60
15:40:54:7,-35.96,0.48,-27.63,45.35
15:40:54:7,-37.02,0.48,-28.25,46.57
15:40:54:7,-36.46,0.36,-28.36,46.19
15:40:54:8,-36.16,0.31,-28.42,45.99
15:40:54:8,-36.32,0.78,-27.02,45.27
15:40:54:8,-36.31,0.82,-26.99,45.25
15:40:54:8,-35.99,0.82,-28.25,45.76
15:40:54:8,-36.05,0.76,-27.74,45.49
15:40:54:9,-36.16,0.65,-26.74,44.98
15:40:54:9,-36.26,0.54,-27.04,45.24
15:40:54:9,-36.33,0.48,-27.24,45.41
15:40:54:9,-35.73,0.78,-28.12,45.48
15:40:54:9,-35.66,0.83,-28.24,45.50
15:40:54:9,-36.67,1.50,-27.91,46.11
15:40:55:0,-36.53,1.35,-27.87,45.96
15:40:55:0,-36.16,0.99,-27.75,45.59
15:40:55:0,-35.30,1.66,-27.65,44.87
15:40:55:0,-34.62,2.19,-27.58,44.32
15:40:55:0,-35.19,1.62,-27.86,44.91
15:40:55:0,-35.31,1.50,-27.91,45.03
15:40:55:1,-35.82,1.33,-28.75,45.95
15:40:55:1,-36.15,1.50,-28.67,46.16
15:40:55:1,-37.19,2.02,-28.42,46.84
15:40:55:1,-37.01,2.02,-28.93,47.02
15:40:55:1,-36.85,2.02,-29.42,47.19
15:40:55:1,-36.98,0.81,-29.03,47.02
15:40:55:1,-37.02,0.48,-28.92,46.98
15:40:55:2,-35.48,0.99,-26.74,44.44
15:40:55:2,-35.68,0.99,-27.06,44.79
15:40:55:2,-36.50,0.99,-28.42,46.27
15:40:55:2,-36.74,1.39,-28.49,46.52
15:40:55:2,-37.02,1.85,-28.58,46.80
15:40:55:3,-35.50,0.84,-28.09,45.28
15:40:55:3,-34.96,0.48,-27.91,44.74
15:40:55:3,-35.65,0.82,-29.25,46.12
15:40:55:3,-36.00,0.77,-29.01,46.24
15:40:55:3,-38.04,0.48,-27.58,46.99
15:40:55:3,-37.47,1.33,-28.28,46.96
15:40:55:4,-36.67,2.53,-29.25,46.98
15:40:55:4,-36.79,1.23,-28.91,46.81
15:40:55:4,-36.85,0.65,-28.75,46.74
15:40:55:4,-35.20,1.97,-29.07,45.70
15:40:55:4,-35.19,1.86,-29.04,45.66
15:40:55:4,-35.65,0.48,-28.58,45.70
15:40:55:5,-35.97,0.41,-28.40,45.83
15:40:55:5,-36.50,0.31,-28.08,46.06
15:40:55:5,-36.83,0.85,-28.62,46.65
15:40:55:5,-37.02,1.16,-28.92,46.99
15:40:55:5,-35.45,1.16,-28.61,45.57
15:40:55:5,-35.36,1.11,-28.58,45.48
15:40:55:6,-36.33,0.13,-28.58,46.23
15:40:55:6,-35.78,0.13,-28.15,45.52
15:40:55:6,-34.62,0.13,-27.24,44.05
15:40:55:6,-35.64,0.54,-28.24,45.48
15:40:55:6,-36.33,0.82,-28.92,46.44
15:40:55:6,-36.48,0.08,-28.48,46.28
15:40:55:7,-36.51,-0.03,-28.42,46.27
15:40:55:7,-37.02,0.82,-29.59,47.40
15:40:55:7,-36.92,0.44,-29.40,47.20
15:40:55:7,-36.67,-0.55,-28.92,46.71
15:40:55:7,-36.11,-0.36,-29.10,46.38
15:40:55:7,-35.65,-0.21,-29.25,46.12
15:40:55:8,-34.95,-1.19,-29.67,45.86
15:40:55:8,-34.79,-1.41,-29.76,45.80
15:40:55:8,-35.13,-1.06,-29.09,45.63
15:40:55:8,-35.17,-1.03,-28.89,45.53
15:40:55:8,-35.31,-0.89,-28.25,45.22
15:40:55:8,-36.34,-1.06,-27.91,45.83
15:40:55:9,-37.36,-1.23,-27.58,46.45
15:40:55:9,-36.56,-2.03,-27.58,45.84
15:40:55:9,-36.33,-2.26,-27.58,45.67
15:40:55:9,-35.31,-0.89,-30.26,46.51
15:40:55:9,-35.18,-1.08,-30.26,46.42
15:40:55:9,-34.62,-1.92,-30.26,46.02
15:40:56:0,-35.32,-1.22,-29.27,45.89
15:40:56:0,-36.16,-0.38,-28.08,45.79
15:40:56:0,-36.04,-1.00,-28.20,45.77
15:40:56:0,-35.99,-1.23,-28.25,45.77
15:40:56:0,-35.13,-2.77,-30.09,46.34
15:40:56:0,-35.13,-2.31,-29.82,46.14
15:40:56:1,-35.13,0.65,-28.08,44.98
15:40:56:1,-35.62,0.02,-28.56,45.66
15:40:56:1,-36.33,-0.89,-29.25,46.65
15:40:56:1,-35.64,-1.36,-29.03,45.98
15:40:56:1,-35.31,-1.58,-28.92,45.67
15:40:56:1,-34.65,-1.25,-27.64,44.35
15:40:56:2,-34.90,-1.23,-27.70,44.57
15:40:56:2,-37.70,-1.23,-28.92,47.53
15:40:56:2,-37.33,-0.62,-28.56,47.00
15:40:56:2,-36.67,0.48,-27.91,46.09
15:40:56:2,-35.81,-0.17,-28.55,45.80
15:40:56:2,-35.31,-0.55,-28.92,45.64
15:40:56:3,-36.54,-0.86,-28.31,46.24
15:40:56:3,-36.65,-0.89,-28.22,46.26
15:40:56:3,-35.99,-0.89,-27.58,45.35
15:40:56:3,-36.37,-0.73,-27.42,45.55
15:40:56:3,-37.19,-0.38,-27.08,46.00
15:40:56:3,-36.89,-0.28,-27.37,45.93
15:40:56:4,-36.67,-0.21,-27.58,45.89
15:40:56:4,-36.82,-1.53,-28.58,46.64
15:40:56:4,-36.85,-1.75,-28.75,46.77
15:40:56:4,-36.16,-1.06,-27.75,45.59
15:40:56:4,-36.12,-1.02,-27.61,45.47
15:40:56:5,-35.99,-0.89,-27.24,45.15
15:40:56:5,-36.17,-0.71,-27.60,45.51
15:40:56:5,-36.33,-0.55,-27.91,45.82
15:40:56:5,-36.05,-0.55,-26.83,44.94
15:40:56:5,-35.99,-0.55,-26.57,44.74
15:40:56:5,-36.50,-1.75,-27.75,45.89
15:40:56:5,-36.39,-1.71,-27.86,45.86
15:40:56:6,-35.99,-1.58,-28.25,45.78
15:40:56:6,-36.91,-1.33,-27.84,46.25
15:40:56:6,-37.87,-1.06,-27.41,46.76
15:40:56:6,-36.70,-1.19,-26.52,45.29
15:40:56:7,-36.33,-1.23,-26.24,44.83
15:40:56:7,-36.79,-1.23,-27.14,45.74
15:40:56:7,-36.90,-1.35,-27.75,46.19
15:40:56:7,-36.45,-1.96,-28.32,46.20
15:40:56:7,-36.85,-2.09,-27.41,45.97
15:40:56:7,-36.73,-1.89,-27.45,45.89
15:40:56:7,-36.33,-1.23,-27.58,45.63
15:40:56:7,-36.25,-1.99,-27.83,45.74
15:40:56:8,-36.16,-2.77,-28.08,45.87
15:40:56:8,-36.81,-2.39,-28.71,46.74
15:40:56:8,-37.02,-2.26,-28.92,47.03
15:40:56:8,-35.99,-1.92,-27.24,45.18
15:40:56:8,-36.19,-1.92,-27.24,45.34
15:40:56:8,-37.02,-1.92,-27.24,46.00
15:40:56:9,-36.86,-1.77,-27.69,46.14
15:40:56:9,-36.67,-1.58,-28.25,46.32
15:40:56:9,-36.31,-1.21,-28.37,46.09
15:40:56:9,-36.16,-1.06,-28.42,46.00
15:40:56:9,-36.49,-2.06,-28.09,46.10
15:40:57:0,-36.40,-2.04,-28.03,45.99
15:40:57:0,-35.82,-1.75,-27.75,45.34
15:40:57:0,-36.10,-2.16,-27.07,45.17
15:40:57:0,-36.50,-2.77,-26.07,44.94
15:40:57:0,-36.39,-1.98,-26.85,45.27
15:40:57:0,-36.33,-1.58,-27.24,45.44
15:40:57:0,-36.65,-1.58,-26.93,45.51
15:40:57:1,-36.61,-1.54,-26.91,45.46
15:40:57:1,-35.99,-1.23,-26.91,44.95
15:40:57:1,-35.93,-1.30,-26.49,44.65
15:40:57:1,-35.82,-1.41,-25.74,44.13
15:40:57:1,-35.82,-1.83,-25.94,44.26
15:40:57:1,-35.82,-2.09,-26.07,44.35
15:40:57:2,-36.87,-2.54,-27.10,45.83
15:40:57:2,-36.98,-2.58,-27.30,46.04
15:40:57:2,-36.33,-2.26,-28.25,46.08
15:40:57:2,-36.44,-2.15,-27.83,45.90
15:40:57:2,-36.67,-1.92,-26.91,45.53
15:40:57:2,-36.09,-1.53,-26.91,45.04
15:40:57:3,-35.65,-1.23,-26.91,44.68
15:40:57:3,-36.50,-1.52,-27.46,45.71
15:40:57:3,-36.66,-1.59,-27.57,45.89
15:40:57:3,-34.79,-2.43,-26.41,43.74
15:40:57:3,-35.25,-2.25,-26.68,44.26
15:40:57:4,-36.50,-1.75,-27.41,45.68
15:40:57:4,-36.41,-1.84,-28.03,45.99
15:40:57:4,-36.33,-1.92,-28.58,46.27
15:40:57:4,-37.14,-1.92,-27.79,46.43
15:40:57:4,-37.36,-1.92,-27.58,46.47
15:40:57:4,-36.50,-3.12,-27.41,45.76
15:40:57:5,-36.08,-2.62,-27.30,45.32
15:40:57:5,-34.62,-0.89,-26.91,43.86
15:40:57:5,-35.70,-1.14,-26.99,44.77
15:40:57:5,-36.85,-1.41,-27.08,45.75
15:40:57:5,-36.85,-1.15,-27.32,45.89
15:40:57:5,-36.85,-1.06,-27.41,45.94
15:40:57:5,-35.82,-4.14,-27.75,45.50
15:40:57:6,-36.13,-3.90,-27.81,45.75
15:40:57:6,-37.53,-2.77,-28.08,46.95
15:40:57:6,-37.01,-2.70,-28.01,46.49
15:40:57:6,-36.33,-2.60,-27.91,45.89
15:40:57:6,-36.09,-2.13,-27.45,45.39
15:40:57:6,-35.99,-1.92,-27.24,45.18
15:40:57:7,-35.66,-1.92,-28.52,45.71
15:40:57:7,-35.92,-2.01,-28.54,45.92
15:40:57:7,-37.70,-2.60,-28.25,47.18
15:40:57:7,-37.36,-2.13,-27.79,46.61
15:40:57:7,-36.85,-1.41,-27.08,45.75
15:40:57:8,-36.85,-1.41,-27.51,46.01
15:40:57:8,-36.85,-1.41,-27.75,46.15
15:40:57:8,-36.07,-2.50,-28.51,46.04
15:40:57:8,-36.10,-2.56,-28.54,46.09
15:40:57:8,-37.19,-2.09,-28.08,46.65
15:40:57:8,-37.19,-1.85,-27.62,46.36
15:40:57:9,-37.19,-1.41,-26.74,45.83
15:40:57:9,-36.77,-2.44,-27.15,45.77
15:40:57:9,-36.50,-3.12,-27.41,45.76
15:40:57:9,-36.21,-2.52,-27.99,45.84
15:40:57:9,-36.21,-2.42,-28.02,45.85
15:40:57:9,-37.19,-2.09,-26.74,45.85
15:40:58:0,-37.03,-2.14,-26.89,45.82
15:40:58:0,-36.67,-2.26,-27.24,45.74
15:40:58:0,-36.29,-2.45,-27.62,45.67
15:40:58:0,-35.99,-2.60,-27.91,45.62
15:40:58:0,-37.25,-1.62,-27.50,46.33
15:40:58:0,-37.53,-1.41,-27.41,46.49
15:40:58:1,-37.19,-3.46,-27.08,46.13
15:40:58:1,-36.83,-3.37,-26.90,45.74
15:40:58:1,-35.82,-3.12,-26.41,44.61
15:40:58:1,-36.17,-2.76,-26.23,44.77
15:40:58:1,-36.50,-2.43,-26.07,44.92
15:40:58:1,-35.97,-3.23,-26.59,44.85
15:40:58:1,-35.82,-3.46,-26.74,44.83
15:40:58:2,-37.02,-2.94,-26.91,45.86
15:40:58:2,-36.91,-3.20,-27.02,45.85
15:40:58:2,-36.50,-4.14,-27.41,45.84
15:40:58:2,-36.50,-3.01,-27.09,45.56
15:40:58:2,-36.50,-1.75,-26.74,45.28
15:40:58:3,-36.25,-2.50,-26.99,45.26
15:40:58:3,-36.16,-2.77,-27.08,45.26
15:40:58:3,-35.82,-2.44,-27.41,45.17
15:40:58:3,-35.94,-2.37,-27.58,45.36
15:40:58:3,-36.50,-2.09,-28.42,46.31
15:40:58:3,-35.92,-2.09,-27.84,45.49
15:40:58:4,-35.13,-2.09,-27.08,44.41
15:40:58:4,-36.08,-3.03,-26.61,44.93
15:40:58:4,-36.50,-3.46,-26.41,45.19
15:40:58:4,-36.02,-3.30,-26.56,44.87
15:40:58:4,-35.95,-3.16,-26.70,44.89
15:40:58:4,-35.65,-2.26,-27.58,45.13
15:40:58:5,-36.51,-2.06,-27.51,45.76
15:40:58:5,-37.87,-1.75,-27.41,46.78
15:40:58:5,-36.66,-1.64,-27.09,45.61
15:40:58:5,-35.99,-1.58,-26.91,44.96
15:40:58:5,-38.00,-2.35,-26.76,46.53
15:40:58:6,-38.17,-2.42,-26.78,46.69
15:40:58:6,-37.70,-2.26,-27.24,46.57
15:40:58:6,-37.17,-2.67,-27.07,46.06
15:40:58:6,-36.16,-3.46,-26.74,45.11
15:40:58:6,-36.06,-2.94,-26.44,44.81
15:40:58:6,-35.99,-2.60,-26.24,44.61
15:40:58:6,-35.70,-3.48,-26.53,44.61
15:40:58:7,-35.70,-3.63,-26.60,44.67
15:40:58:7,-37.02,-3.63,-27.24,46.10
15:40:58:7,-36.99,-3.28,-27.15,46.00
15:40:58:7,-36.87,-1.99,-26.81,45.63
15:40:58:7,-36.66,-2.13,-27.11,45.64
15:40:58:7,-36.50,-2.43,-27.41,45.71
15:40:58:8,-38.60,-2.57,-26.18,46.71
15:40:58:8,-39.07,-2.60,-25.90,46.95
15:40:58:8,-36.16,-2.77,-26.07,44.67
15:40:58:8,-36.33,-2.69,-26.58,45.10
15:40:58:8,-36.85,-2.43,-28.08,46.39
15:40:58:8,-36.15,-2.96,-27.91,45.76
15:40:58:9,-35.48,-3.46,-27.75,45.17
15:40:58:9,-35.87,-2.27,-27.36,45.17
15:40:58:9,-35.99,-1.92,-27.24,45.18
15:40:58:9,-37.70,-1.23,-28.25,47.13
15:40:58:9,-37.49,-1.66,-27.90,46.76
15:40:58:9,-36.67,-3.29,-26.57,45.41
15:40:59:0,-37.39,-2.73,-27.28,46.37
15:40:59:0,-38.21,-2.09,-28.08,47.47
15:40:59:0,-37.10,-2.71,-26.99,45.95
15:40:59:0,-36.67,-2.94,-26.57,45.39
15:40:59:0,-36.84,-1.43,-27.07,45.74
15:40:59:1,-36.54,-1.43,-26.94,45.42
15:40:59:1,-34.96,-1.58,-26.24,43.74
15:40:59:1,-35.47,-1.94,-25.88,43.95
15:40:59:1,-36.16,-2.43,-25.40,44.26
15:40:59:1,-36.16,-2.90,-27.00,45.22
15:40:59:1,-36.16,-3.12,-27.75,45.69
15:40:59:1,-36.00,-3.60,-26.96,45.12
15:40:59:2,-36.19,-3.47,-26.91,45.23
15:40:59:2,-37.70,-2.26,-26.91,46.37
15:40:59:2,-37.51,-2.20,-26.84,46.18
15:40:59:2,-37.19,-2.09,-26.74,45.85
15:40:59:2,-37.19,-2.74,-27.17,46.14
15:40:59:2,-37.19,-3.12,-27.41,46.30
15:40:59:3,-37.19,-2.81,-27.41,46.28
15:40:59:3,-37.20,-2.76,-27.42,46.30
15:40:59:3,-37.36,-2.60,-27.58,46.51
15:40:59:3,-37.02,-2.38,-27.02,45.89
15:40:59:3,-36.33,-1.92,-25.90,44.66
15:40:59:3,-35.83,-2.83,-26.00,44.36
15:40:59:4,-35.48,-3.46,-26.07,44.16
15:40:59:4,-37.07,-2.44,-26.21,45.47
15:40:59:4,-37.32,-2.27,-26.25,45.69
15:40:59:4,-35.82,-2.77,-26.74,44.79
15:40:59:4,-35.87,-2.92,-26.60,44.75
15:40:59:4,-35.99,-3.29,-26.24,44.66
15:40:59:5,-36.55,-2.73,-26.79,45.40
15:40:59:5,-37.02,-2.26,-27.24,46.02
15:40:59:5,-36.74,-1.71,-26.16,45.14
15:40:59:5,-36.67,-1.58,-25.90,44.93
15:40:59:5,-36.67,-2.26,-27.58,45.94
15:40:59:6,-37.21,-2.22,-27.46,46.30
15:40:59:6,-38.90,-2.09,-27.08,47.44
15:40:59:6,-37.79,-2.52,-26.99,46.50
15:40:59:6,-36.67,-2.94,-26.91,45.58
15:40:59:6,-37.07,-2.29,-27.80,46.39
15:40:59:6,-37.19,-2.09,-28.08,46.65
15:40:59:7,-38.04,0.48,-27.58,46.99
15:40:59:7,-37.98,-0.20,-27.38,46.82
15:40:59:7,-37.70,-2.94,-26.57,46.22
15:40:59:7,-37.08,-2.48,-26.57,45.68
15:40:59:7,-36.33,-1.92,-26.57,45.05
15:40:59:7,-35.95,-2.15,-26.04,44.44
15:40:59:7,-35.48,-2.43,-25.40,43.70
15:40:59:8,-37.47,-3.76,-26.70,46.17
15:40:59:8,-37.48,-3.70,-26.79,46.22
15:40:59:8,-37.19,-3.12,-27.08,46.11
15:40:59:8,-37.40,-2.91,-27.01,46.22
15:40:59:8,-37.70,-2.60,-26.91,46.39
15:40:59:8,-36.33,-2.83,-27.58,45.70
15:40:59:9,-35.65,-2.94,-27.91,45.37
15:40:59:9,-38.82,-2.63,-26.67,47.17
15:40:59:9,-38.76,-2.59,-26.52,47.04
15:40:59:9,-36.16,-2.43,-26.07,44.65
15:40:59:9,-36.16,-2.56,-26.32,44.80
15:41:00:0,-36.16,-2.77,-26.74,45.06
15:41:00:0,-36.70,-3.09,-26.64,45.45
15:41:00:0,-37.02,-3.29,-26.57,45.69
15:41:00:0,-37.62,-2.68,-26.57,46.14
15:41:00:0,-37.65,-2.57,-26.58,46.16
15:41:00:0,-36.85,-2.09,-26.74,45.57
15:41:00:1,-36.68,-1.93,-26.58,45.34
15:41:00:1,-36.33,-1.58,-26.24,44.84
15:41:00:1,-36.23,-2.27,-26.72,45.08
15:41:00:1,-36.16,-2.77,-27.08,45.26
15:41:00:1,-36.02,-3.49,-25.53,44.29
15:41:00:1,-36.00,-3.60,-25.27,44.13
15:41:00:2,-36.33,-1.92,-27.24,45.45
15:41:00:2,-36.38,-2.25,-27.01,45.37
15:41:00:2,-36.50,-3.12,-26.41,45.16
15:41:00:2,-37.24,-3.48,-26.94,46.09
15:41:00:2,-37.87,-3.80,-27.41,46.91
15:41:00:2,-35.70,-2.99,-26.88,44.79
15:41:00:2,-35.13,-2.77,-26.74,44.24
15:41:00:3,-37.70,-2.94,-25.90,45.84
15:41:00:3,-37.66,-2.67,-25.94,45.81
15:41:00:3,-37.53,-1.75,-26.07,45.73
15:41:00:3,-37.11,-2.34,-26.81,45.84
15:41:00:3,-36.67,-2.94,-27.58,45.98
15:41:00:4,-36.67,-1.41,-27.08,45.61
15:41:00:4,-36.67,-0.89,-26.91,45.50
15:41:00:4,-36.33,-3.29,-26.24,44.94
15:41:00:4,-36.49,-3.13,-26.52,45.22
15:41:00:4,-37.19,-2.43,-27.75,46.46
15:41:00:4,-37.11,-2.66,-26.92,45.93
15:41:00:5,-37.02,-2.94,-25.90,45.28
15:41:00:5,-36.41,-1.62,-26.73,45.20
15:41:00:5,-36.16,-1.06,-27.08,45.19
15:41:00:5,-36.99,-2.55,-26.91,45.81
15:41:00:5,-36.82,-2.56,-27.15,45.82
15:41:00:5,-35.65,-2.26,-28.58,45.75
15:41:00:6,-36.33,-2.26,-28.05,45.95
15:41:00:6,-37.36,-2.26,-27.24,46.29
15:41:00:6,-37.58,-2.71,-27.46,46.63
15:41:00:6,-37.70,-2.94,-27.58,46.80
15:41:00:6,-37.54,-2.47,-27.73,46.74
15:41:00:6,-37.23,-2.33,-27.58,46.40
15:41:00:7,-34.45,-1.41,-26.07,43.23
15:41:00:7,-35.24,-1.71,-26.13,43.91
15:41:00:7,-36.67,-2.26,-26.24,45.15
15:41:00:7,-36.15,-2.58,-26.34,44.80
15:41:00:7,-35.82,-2.77,-26.41,44.59
15:41:00:7,-38.51,-2.77,-27.87,47.62
15:41:00:8,-38.83,-2.76,-28.00,47.95
15:41:00:8,-37.53,-2.43,-26.41,45.95
15:41:00:8,-37.10,-2.54,-26.41,45.61
15:41:00:8,-36.16,-2.77,-26.41,44.86
15:41:00:8,-36.26,-2.29,-27.26,45.42
15:41:00:8,-36.33,-1.92,-27.91,45.86
15:41:00:9,-36.90,-1.92,-26.53,45.49
15:41:00:9,-37.02,-1.92,-26.24,45.41
15:41:00:9,-37.19,-2.09,-25.74,45.27
15:41:00:9,-37.14,-2.04,-26.05,45.41
15:41:00:9,-37.02,-1.92,-26.91,45.80
15:41:00:9,-37.02,-1.74,-26.56,45.59
15:41:01:0,-37.02,-1.58,-26.24,45.40
15:41:01:0,-36.62,-2.25,-26.37,45.18
15:41:01:0,-36.50,-2.43,-26.41,45.12
15:41:01:0,-36.50,-2.77,-25.74,44.75
15:41:01:0,-36.58,-3.00,-26.18,45.08
15:41:01:0,-36.85,-3.80,-27.75,46.28
15:41:01:1,-36.52,-3.31,-27.91,46.08
15:41:01:1,-36.16,-2.77,-28.08,45.87
15:41:01:1,-36.67,-3.03,-26.35,45.25
15:41:01:1,-36.85,-3.12,-25.74,45.05
15:41:01:1,-36.16,-4.14,-25.40,44.39
15:41:01:1,-36.28,-3.90,-25.63,44.59
15:41:01:2,-36.85,-2.77,-26.74,45.61
15:41:01:2,-37.66,-2.85,-26.23,45.98
15:41:01:2,-38.73,-2.94,-25.57,46.50
15:41:01:2,-38.37,-2.12,-26.61,46.74
15:41:01:2,-38.21,-1.75,-27.08,46.87
15:41:01:3,-36.91,-2.72,-26.44,45.49
15:41:01:3,-36.71,-2.86,-26.58,45.41
15:41:01:3,-35.82,-3.46,-27.75,45.44
15:41:01:3,-36.48,-2.93,-27.49,45.77
15:41:01:3,-37.53,-2.09,-27.08,46.32
15:41:01:3,-36.87,-1.87,-26.64,45.52
15:41:01:3,-36.50,-1.75,-26.41,45.09
15:41:01:4,-36.66,-3.14,-27.16,45.73
15:41:01:4,-36.65,-3.23,-27.27,45.79
15:41:01:4,-36.33,-2.60,-27.58,45.69
15:41:01:4,-36.92,-2.13,-27.46,46.06
15:41:01:4,-38.04,-1.23,-27.24,46.81
15:41:01:4,-37.94,-2.98,-26.74,46.51
15:41:01:5,-37.87,-4.14,-26.41,46.35
15:41:01:5,-37.28,-2.38,-27.27,46.25
15:41:01:5,-37.16,-2.10,-27.37,46.20
15:41:01:5,-36.50,-2.43,-26.41,45.12
15:41:01:5,-36.71,-2.23,-26.50,45.33
15:41:01:5,-37.19,-1.75,-26.74,45.84
15:41:01:6,-37.38,-2.32,-26.37,45.80
15:41:01:6,-37.53,-2.77,-26.07,45.78
15:41:01:6,-36.69,-2.77,-26.34,45.26
15:41:01:6,-36.50,-2.77,-26.41,45.14
15:41:01:6,-36.85,-2.77,-26.41,45.41
15:41:01:7,-36.98,-2.73,-26.45,45.54
15:41:01:7,-37.36,-2.60,-26.57,45.92
15:41:01:7,-37.62,-2.52,-26.83,46.28
15:41:01:7,-37.87,-2.43,-27.08,46.62
15:41:01:7,-36.69,-2.57,-26.69,45.44
15:41:01:7,-36.33,-2.60,-26.57,45.09
15:41:01:8,-37.19,-1.75,-25.07,44.88
15:41:01:8,-37.03,-1.77,-25.22,44.84
15:41:01:8,-36.21,-1.89,-26.02,44.63
15:41:01:8,-35.99,-1.92,-26.24,44.58
15:41:01:8,-37.14,-3.73,-27.04,46.09
15:41:01:8,-37.22,-3.47,-27.04,46.14
15:41:01:9,-37.53,-0.38,-26.74,46.08
15:41:01:9,-37.21,-0.70,-27.42,46.23
15:41:01:9,-36.67,-1.23,-28.58,46.51
15:41:01:9,-36.34,-2.44,-27.40,45.58
15:41:01:9,-36.16,-3.12,-26.74,45.08
15:41:01:9,-37.26,-2.65,-26.89,46.03
15:41:02:0,-37.36,-2.66,-26.87,46.10
15:41:02:0,-37.36,-3.63,-26.24,45.80
15:41:02:0,-37.14,-3.30,-26.35,45.65
15:41:02:0,-36.67,-2.60,-26.57,45.36
15:41:02:0,-36.98,-1.68,-25.67,45.05
15:41:02:0,-37.19,-1.06,-25.07,44.86
15:41:02:0,-37.48,-0.77,-25.94,45.59
15:41:02:1,-37.53,-0.73,-26.08,45.70
15:41:02:1,-36.85,-2.77,-27.41,46.01
15:41:02:1,-36.70,-2.63,-27.55,45.97
15:41:02:1,-36.33,-2.26,-27.91,45.87
15:41:02:1,-37.08,-2.07,-27.18,46.02
15:41:02:1,-37.70,-1.92,-26.57,46.16
15:41:02:2,-36.86,-2.20,-26.02,45.17
15:41:02:2,-36.67,-2.26,-25.90,44.96
15:41:02:2,-37.19,-1.75,-26.41,45.64
15:41:02:2,-37.27,-1.51,-26.25,45.61
15:41:02:2,-37.53,-0.72,-25.74,45.51
15:41:02:3,-37.44,-1.32,-26.16,45.69
15:41:02:3,-37.36,-1.92,-26.57,45.89
15:41:02:3,-37.76,-3.11,-26.70,46.35
15:41:02:3,-37.87,-3.46,-26.74,46.49
15:41:02:3,-36.33,-3.63,-26.57,45.16
15:41:02:3,-36.52,-3.44,-26.70,45.37
15:41:02:4,-37.36,-2.60,-27.24,46.31
15:41:02:4,-37.52,-2.45,-27.24,46.43
15:41:02:4,-37.70,-2.26,-27.24,46.57
15:41:02:4,-37.20,-3.51,-27.98,46.68
15:41:02:4,-37.02,-3.97,-28.25,46.73
15:41:02:4,-36.50,-2.43,-26.74,45.32
15:41:02:5,-36.43,-2.36,-26.76,45.27
15:41:02:5,-35.99,-1.92,-26.91,44.98
15:41:02:5,-36.69,-2.20,-26.77,45.47
15:41:02:5,-37.70,-2.60,-26.57,46.20
15:41:02:5,-36.88,-2.95,-26.69,45.62
15:41:02:5,-36.50,-3.12,-26.74,45.36
15:41:02:6,-36.83,-3.12,-26.10,45.25
15:41:02:6,-36.89,-3.07,-26.02,45.25
15:41:02:6,-37.36,-2.60,-25.57,45.34
15:41:02:6,-37.36,-2.48,-26.06,45.62
15:41:02:6,-37.36,-2.26,-26.91,46.10
15:41:02:6,-36.27,-3.57,-26.27,44.92
15:41:02:7,-35.65,-4.31,-25.90,44.28
15:41:02:7,-37.05,-1.98,-26.97,45.87
15:41:02:7,-37.15,-1.77,-27.11,46.02
15:41:02:7,-36.33,-2.26,-27.91,45.87
15:41:02:7,-36.55,-2.48,-27.81,45.99
15:41:02:7,-37.02,-2.94,-27.58,46.25
15:41:02:8,-36.41,-3.15,-26.79,45.31
15:41:02:8,-35.99,-3.29,-26.24,44.66
15:41:02:8,-35.84,-3.14,-26.67,44.79
15:41:02:8,-35.82,-3.12,-26.74,44.81
15:41:02:8,-37.70,-3.97,-25.57,45.72
15:41:02:8,-37.47,-3.37,-25.89,45.66
15:41:02:9,-36.85,-1.75,-26.74,45.56
15:41:02:9,-37.50,-2.40,-26.83,46.17
15:41:02:9,-38.04,-2.94,-26.91,46.69
15:41:02:9,-37.62,-3.93,-26.50,46.18
15:41:02:9,-37.53,-4.14,-26.41,46.07
15:41:02:9,-36.50,-3.46,-27.75,45.98
15:41:03:0,-36.85,-3.34,-27.48,46.09
15:41:03:0,-38.04,-2.94,-26.57,46.50
15:41:03:0,-37.79,-3.20,-27.33,46.74
15:41:03:0,-37.53,-3.46,-28.08,47.00
15:41:03:0,-37.00,-2.93,-27.30,46.08
15:41:03:0,-36.85,-2.77,-27.08,45.81
15:41:03:1,-36.85,-3.80,-26.07,45.30
15:41:03:1,-36.78,-3.55,-26.37,45.40
15:41:03:1,-36.50,-2.43,-27.75,45.92
15:41:03:1,-36.58,-2.67,-27.21,45.67
15:41:03:1,-36.67,-2.94,-26.57,45.39
15:41:03:1,-37.17,-2.70,-26.33,45.63
15:41:03:2,-37.36,-2.60,-26.24,45.73
15:41:03:2,-35.48,-4.14,-27.08,44.82
15:41:03:2,-35.59,-3.98,-26.82,44.75
15:41:03:2,-36.33,-2.94,-25.23,44.33
15:41:03:2,-37.03,-2.81,-25.78,45.21
15:41:03:2,-38.04,-2.60,-26.57,46.48
15:41:03:3,-37.69,-2.95,-25.54,45.63
15:41:03:3,-37.53,-3.12,-25.07,45.24
15:41:03:3,-36.39,-2.95,-26.19,44.93
15:41:03:3,-36.47,-2.96,-26.25,45.04
15:41:03:3,-37.87,-3.12,-26.41,46.27
15:41:03:3,-37.56,-3.30,-26.10,45.86
15:41:03:4,-37.02,-3.63,-25.57,45.13
15:41:03:4,-36.80,-3.63,-25.99,45.20
15:41:03:4,-36.67,-3.63,-26.24,45.24
15:41:03:4,-37.61,-2.07,-25.63,45.56
15:41:03:4,-37.65,-1.92,-25.63,45.59
15:41:03:4,-36.67,-1.92,-26.91,45.53
15:41:03:5,-36.78,-2.46,-26.48,45.39
15:41:03:5,-37.02,-3.63,-25.57,45.13
15:41:03:5,-38.13,-2.92,-26.46,46.50
15:41:03:5,-38.90,-2.43,-27.08,47.46
15:41:03:5,-37.87,-2.87,-25.20,45.57
15:41:03:5,-37.70,-2.94,-24.90,45.28
15:41:03:6,-37.70,-1.23,-25.57,45.57
15:41:03:6,-37.89,-1.98,-25.93,45.95
15:41:03:6,-38.39,-3.97,-26.91,47.05
15:41:03:6,-37.74,-3.69,-27.00,46.55
15:41:03:6,-37.19,-3.46,-27.08,46.13
15:41:03:6,-36.49,-2.76,-26.66,45.28
15:41:03:7,-36.33,-2.60,-26.57,45.09
15:41:03:7,-36.67,-2.26,-25.57,44.76
15:41:03:7,-37.02,-2.45,-25.68,45.12
15:41:03:7,-38.21,-3.12,-26.07,46.37
15:41:03:7,-37.70,-2.78,-26.24,46.02
15:41:03:7,-37.19,-2.43,-26.41,45.67
15:41:03:8,-36.79,-2.57,-27.05,45.74
15:41:03:8,-36.67,-2.60,-27.24,45.76
15:41:03:8,-36.67,-3.63,-27.24,45.83
15:41:03:8,-36.67,-3.45,-27.24,45.82
15:41:03:8,-36.67,-2.60,-27.24,45.76
15:41:03:9,-37.29,-3.07,-27.39,46.38
15:41:03:9,-38.04,-3.63,-27.58,47.13
15:41:03:9,-37.05,-2.14,-26.36,45.52
15:41:03:9,-36.67,-1.58,-25.90,44.93
15:41:03:9,-37.53,-2.09,-26.07,45.74
15:41:03:9,-37.55,-2.11,-26.00,45.73
15:41:04:0,-37.70,-2.26,-25.57,45.61
15:41:04:0,-37.08,-2.33,-25.50,45.06
15:41:04:0,-36.16,-2.43,-25.40,44.26
15:41:04:0,-36.98,-3.25,-26.43,45.56
15:41:04:0,-37.36,-3.63,-26.91,46.18
15:41:04:0,-37.52,-4.12,-26.43,46.08
15:41:04:1,-37.42,-4.07,-26.42,45.99
15:41:04:1,-36.33,-3.29,-26.57,45.13
15:41:04:1,-36.46,-3.16,-26.33,45.08
15:41:04:1,-36.67,-2.94,-25.90,45.00
15:41:04:1,-37.43,-3.05,-27.07,46.30
15:41:04:1,-37.87,-3.12,-27.75,47.05
15:41:04:1,-36.32,-3.43,-27.44,45.65
15:41:04:2,-36.21,-3.44,-27.35,45.51
15:41:04:2,-37.19,-3.12,-26.07,45.52
15:41:04:2,-37.24,-3.39,-26.44,45.80
15:41:04:3,-37.36,-3.97,-27.24,46.41
15:41:04:3,-37.06,-3.07,-27.34,46.15
15:41:04:3,-36.85,-2.43,-27.41,45.99
15:41:04:3,-37.29,-1.99,-26.69,45.90
15:41:04:3,-37.36,-1.92,-26.57,45.89
15:41:04:3,-37.02,-2.94,-28.25,46.66
15:41:04:3,-36.88,-2.99,-27.84,46.30
15:41:04:3,-36.50,-3.12,-26.74,45.36
15:41:04:3,-37.43,-3.12,-27.47,46.54
15:41:04:4,-38.21,-3.12,-28.08,47.53
15:41:04:4,-36.54,-3.68,-26.71,45.41
15:41:04:4,-36.16,-3.80,-26.41,44.94
15:41:04:4,-37.87,-4.14,-27.08,46.74
15:41:04:4,-37.30,-3.80,-26.96,46.18
15:41:04:5,-35.31,-2.60,-26.57,44.27
15:41:04:5,-35.48,-2.43,-27.07,44.69
15:41:04:5,-35.65,-2.26,-27.58,45.13
15:41:04:5,-36.31,-2.92,-27.19,45.45
15:41:04:5,-36.50,-3.12,-27.08,45.56
15:41:04:5,-37.36,-2.60,-26.91,46.11
15:41:04:6,-37.14,-2.64,-27.00,45.99
15:41:04:6,-36.16,-2.77,-27.41,45.46
15:41:04:6,-35.70,-3.55,-27.41,45.15
15:41:04:6,-35.13,-4.48,-27.41,44.79
15:41:04:6,-35.38,-2.25,-27.65,44.96
15:41:04:6,-35.48,-1.41,-27.75,45.06
15:41:04:6,-36.50,-2.77,-28.08,46.14
15:41:04:7,-36.60,-2.77,-27.99,46.16
15:41:04:7,-37.19,-2.77,-27.41,46.28
15:41:04:7,-36.63,-2.64,-27.82,46.07
15:41:04:7,-35.82,-2.43,-28.42,45.79
15:41:04:7,-35.94,-2.08,-27.62,45.37
15:41:04:7,-35.99,-1.92,-27.24,45.18
15:41:04:8,-37.45,-2.41,-28.36,47.04
15:41:04:8,-37.38,-2.49,-28.27,46.93
15:41:04:8,-35.82,-3.12,-26.74,44.81
15:41:04:8,-35.94,-2.75,-26.86,44.95
15:41:04:8,-36.16,-2.09,-27.08,45.22
15:41:04:9,-35.62,-3.50,-27.82,45.33
15:41:04:9,-35.31,-4.31,-28.25,45.42
15:41:04:9,-35.77,-2.92,-27.49,45.21
15:41:04:9,-35.81,-2.74,-27.40,45.18
15:41:04:9,-35.65,-1.92,-27.24,44.91
15:41:04:9,-35.76,-1.92,-27.03,44.87
15:41:05:0,-35.99,-1.92,-26.57,44.78
15:41:05:0,-35.89,-2.42,-27.26,45.13
15:41:05:0,-35.82,-2.77,-27.75,45.39
15:41:05:0,-35.23,-2.19,-27.75,44.90
15:41:05:0,-35.13,-2.09,-27.75,44.82
15:41:05:0,-38.21,-1.75,-25.74,46.11
15:41:05:1,-37.43,-1.89,-26.77,46.06
15:41:05:1,-35.31,-2.26,-29.59,46.12
15:41:05:1,-36.23,-3.00,-27.96,45.86
15:41:05:1,-37.02,-3.63,-26.57,45.71
15:41:05:1,-36.18,-1.40,-27.39,45.40
15:41:05:1,-35.99,-0.89,-27.58,45.35
15:41:05:2,-35.31,-2.26,-28.25,45.27
15:41:05:2,-35.34,-2.15,-27.99,45.13
15:41:05:2,-35.48,-1.75,-27.08,44.66
15:41:05:2,-36.07,-2.17,-27.33,45.31
15:41:05:2,-36.67,-2.60,-27.58,45.96
15:41:05:2,-36.41,-3.13,-28.09,46.10
15:41:05:3,-36.33,-3.29,-28.25,46.14
15:41:05:3,-35.65,-2.60,-27.24,44.94
15:41:05:3,-35.83,-2.48,-27.60,45.30
15:41:05:3,-36.67,-1.92,-29.25,46.95
15:41:05:3,-36.60,-2.61,-28.57,46.50
15:41:05:3,-36.50,-3.46,-27.75,45.98
15:41:05:4,-35.76,-2.47,-27.99,45.48
15:41:05:4,-35.48,-2.09,-28.08,45.29
15:41:05:4,-35.48,-1.07,-27.41,44.85
15:41:05:4,-35.72,-1.31,-27.47,45.08
15:41:05:4,-37.36,-2.94,-27.91,46.73
15:41:05:4,-37.77,-2.39,-27.78,46.95
15:41:05:5,-38.39,-1.58,-27.58,47.29
15:41:05:5,-37.69,-2.27,-28.03,47.03
15:41:05:5,-37.36,-2.60,-28.25,46.91
15:41:05:5,-35.73,-1.63,-27.61,45.19
15:41:05:5,-35.66,-1.53,-27.53,45.08
15:41:05:5,-35.82,-1.06,-27.08,44.91
15:41:05:6,-36.19,-1.43,-26.95,45.15
15:41:05:6,-36.85,-2.09,-26.74,45.57
15:41:05:6,-36.31,-2.42,-26.85,45.22
15:41:05:6,-35.99,-2.60,-26.91,45.01
15:41:05:6,-35.99,-2.60,-28.42,45.93
15:41:05:6,-35.97,-2.60,-28.63,46.05
15:41:05:7,-35.48,-2.43,-29.76,46.37
15:41:05:7,-36.18,-2.70,-29.18,46.55
15:41:05:7,-37.70,-3.29,-27.91,47.02
15:41:05:7,-37.00,-2.99,-28.21,46.62
15:41:05:7,-36.50,-2.77,-28.42,46.34
15:41:05:7,-36.50,-3.95,-27.84,46.08
15:41:05:8,-36.50,-4.14,-27.75,46.04
15:41:05:8,-37.02,-4.31,-28.25,46.76
15:41:05:8,-37.29,-3.85,-27.98,46.78
15:41:05:8,-38.04,-2.60,-27.24,46.86
15:41:05:8,-37.67,-2.97,-27.42,46.69
15:41:05:8,-37.36,-3.29,-27.58,46.55
15:41:05:9,-36.66,-3.43,-26.90,45.60
15:41:05:9,-36.50,-3.46,-26.74,45.38
15:41:05:9,-37.70,-2.60,-27.24,46.59
15:41:05:9,-37.36,-2.34,-26.91,46.10
15:41:05:9,-36.16,-1.41,-25.74,44.41
15:41:05:9,-35.82,-2.59,-26.23,44.48
15:41:06:0,-35.48,-3.80,-26.74,44.59
15:41:06:0,-35.87,-3.93,-26.35,44.69
15:41:06:0,-35.99,-3.97,-26.24,44.72
15:41:06:0,-36.50,-4.14,-27.75,46.04
15:41:06:1,-36.23,-4.30,-27.66,45.78
15:41:06:1,-34.96,-5.00,-27.24,44.60
15:41:06:1,-34.96,-5.77,-27.85,45.07
15:41:06:1,-34.96,-6.71,-28.58,45.66
15:41:06:1,-34.47,-6.46,-29.31,45.71
15:41:06:1,-34.28,-6.37,-29.59,45.73
15:41:06:1,-33.26,-9.43,-27.59,44.23
15:41:06:2,-33.16,-9.81,-27.71,44.32
15:41:06:2,-32.57,-12.18,-28.58,45.01
15:41:06:2,-32.92,-12.25,-28.38,45.16
15:41:06:2,-33.42,-12.36,-28.08,45.37
15:41:06:2,-31.68,-15.49,-28.65,45.44
15:41:06:2,-30.86,-16.97,-28.92,45.57
15:41:06:2,-31.18,-18.93,-27.64,45.77
15:41:06:3,-31.10,-19.19,-27.51,45.74
15:41:06:3,-30.00,-20.91,-26.74,45.30
15:41:06:3,-30.06,-21.83,-25.84,45.26
15:41:06:3,-30.17,-23.48,-24.23,45.26
15:41:06:3,-29.52,-25.42,-23.80,45.66
15:41:06:3,-29.15,-26.56,-23.56,45.93
15:41:06:4,-29.46,-27.49,-23.25,46.52
15:41:06:4,-29.42,-27.67,-23.19,46.57
15:41:06:4,-27.78,-29.64,-22.55,46.46
15:41:06:4,-27.94,-30.33,-22.08,46.78
15:41:06:4,-28.29,-31.86,-21.04,47.52
15:41:06:4,-27.49,-33.47,-18.88,47.24
15:41:06:5,-26.92,-34.60,-17.36,47.15
15:41:06:5,-25.60,-35.04,-17.21,46.68
15:41:06:5,-25.38,-35.11,-17.19,46.61
15:41:06:5,-24.53,-36.65,-15.01,46.58
15:41:06:5,-24.57,-37.25,-14.78,47.01
15:41:06:6,-24.70,-38.87,-14.17,48.19
15:41:06:6,-24.79,-39.34,-12.64,48.18
15:41:06:6,-24.87,-39.73,-11.32,48.22
15:41:06:6,-23.90,-40.70,-10.37,48.33
15:41:06:6,-23.67,-40.93,-10.15,48.36
15:41:06:6,-24.01,-40.93,-8.47,48.20
15:41:06:7,-24.09,-41.08,-8.55,48.38
15:41:06:7,-24.35,-41.61,-8.81,49.01
15:41:06:7,-24.78,-41.53,-9.22,49.23
15:41:06:7,-25.21,-41.44,-9.65,49.46
15:41:06:7,-23.90,-41.44,-9.65,48.80
15:41:06:7,-23.50,-41.44,-9.65,48.61
15:41:06:8,-25.55,-41.78,-9.31,49.85
15:41:06:8,-25.31,-41.54,-9.43,49.55
15:41:06:8,-24.18,-40.41,-9.98,48.14
15:41:06:8,-24.57,-40.64,-10.21,48.58
15:41:06:8,-25.04,-40.93,-10.49,49.11
15:41:06:8,-24.92,-41.55,-11.57,49.81
15:41:06:8,-24.87,-41.78,-11.99,50.08
15:41:06:9,-25.55,-40.42,-13.33,49.64
15:41:06:9,-25.69,-40.73,-13.46,50.00
15:41:06:9,-26.58,-42.81,-14.34,52.39
15:41:06:9,-26.79,-41.91,-14.68,51.86
15:41:06:9,-27.09,-40.59,-15.18,51.10
15:41:06:9,-27.67,-41.17,-15.97,52.11
15:41:07:0,-27.95,-41.44,-16.35,52.59
15:41:07:0,-28.27,-40.79,-18.89,53.11
15:41:07:0,-28.28,-40.89,-19.22,53.30
15:41:07:0,-28.12,-42.30,-21.21,55.04
15:41:07:0,-28.79,-42.36,-21.87,55.69
15:41:07:1,-30.00,-42.47,-23.05,56.88
15:41:07:1,-30.11,-43.65,-23.58,58.03
15:41:07:1,-30.17,-44.35,-23.89,58.72
15:41:07:1,-30.17,-44.04,-25.10,58.99
15:41:07:1,-30.13,-44.01,-25.23,59.00
15:41:07:1,-29.15,-44.01,-25.23,58.51
15:41:07:2,-29.84,-43.74,-25.28,58.68
15:41:07:2,-31.37,-43.15,-25.40,59.09
15:41:07:2,-30.27,-42.85,-25.50,58.34
15:41:07:2,-29.49,-42.64,-25.57,57.80
15:41:07:2,-28.90,-41.18,-24.99,56.17
15:41:07:2,-28.80,-40.93,-24.90,55.90
15:41:07:3,-29.49,-39.22,-22.89,54.14
15:41:07:3,-29.35,-38.81,-22.66,53.68
15:41:07:3,-28.97,-37.68,-22.05,52.40
15:41:07:3,-28.61,-38.23,-20.61,52.01
15:41:07:3,-28.29,-38.70,-19.37,51.71
15:41:07:3,-28.71,-37.18,-17.07,49.98
15:41:07:4,-28.80,-36.82,-16.52,49.58
15:41:07:4,-29.15,-34.77,-15.18,47.84
15:41:07:4,-28.66,-34.58,-14.85,47.31
15:41:07:4,-26.92,-33.91,-13.67,45.41
15:41:07:4,-26.75,-33.91,-12.68,45.02
15:41:07:4,-26.58,-33.91,-11.66,44.64
15:41:07:5,-26.45,-33.00,-11.27,43.77
15:41:07:5,-26.41,-32.71,-11.16,43.50
15:41:07:5,-27.61,-32.20,-7.30,43.04
15:41:07:5,-27.43,-32.03,-7.19,42.78
15:41:07:5,-26.58,-31.18,-6.63,41.50
15:41:07:5,-26.66,-30.80,-5.81,41.14
15:41:07:6,-26.75,-30.32,-4.79,40.72
15:41:07:6,-27.73,-30.08,-3.11,41.03
15:41:07:6,-28.12,-29.98,-2.44,41.17
15:41:07:6,-27.95,-28.45,-2.61,39.97
15:41:07:6,-28.19,-28.50,-2.46,40.16
15:41:07:6,-29.83,-28.95,-1.44,41.59
15:41:07:7,-29.29,-28.54,-0.50,40.90
15:41:07:7,-28.46,-27.93,0.91,39.88
15:41:07:7,-29.27,-28.27,1.70,40.73
15:41:07:7,-29.66,-28.44,2.08,41.14
15:41:07:7,-29.82,-27.31,2.56,40.52
15:41:07:7,-29.94,-27.16,2.58,40.51
15:41:07:8,-31.20,-26.21,2.58,40.83
15:41:07:8,-31.38,-26.15,3.00,40.96
15:41:07:8,-31.71,-26.04,3.76,41.21
15:41:07:8,-30.54,-25.72,4.07,40.13
15:41:07:8,-29.83,-25.53,4.26,39.49
15:41:07:8,-30.91,-23.22,6.82,39.26
15:41:07:9,-31.09,-22.96,7.10,39.30
15:41:07:9,-32.74,-22.96,6.77,40.56
15:41:07:9,-32.58,-22.81,7.14,40.41
15:41:07:9,-32.23,-22.45,7.95,40.07
15:41:07:9,-31.43,-22.85,8.53,39.78
15:41:07:9,-30.86,-23.13,8.95,39.59
15:41:08:0,-30.71,-22.99,8.24,39.24
15:41:08:0,-30.69,-22.96,8.11,39.18
15:41:08:0,-33.08,-25.36,8.45,42.53
15:41:08:0,-32.59,-24.78,8.58,41.83
15:41:08:0,-31.20,-23.13,8.95,39.86
15:41:08:0,-30.83,-23.13,9.85,39.79
15:41:08:1,-30.51,-23.13,10.63,39.74
15:41:08:1,-31.48,-23.83,10.49,40.85
15:41:08:1,-31.71,-23.99,10.46,41.12
15:41:08:1,-31.03,-22.96,11.47,40.27
15:41:08:1,-31.36,-23.07,11.58,40.62
15:41:08:1,-32.57,-23.48,11.97,41.89
15:41:08:2,-32.57,-23.31,12.30,41.90
15:41:08:2,-32.57,-23.13,12.64,41.90
15:41:08:2,-31.53,-22.35,12.90,40.74
15:41:08:2,-31.20,-22.11,12.97,40.38
15:41:08:2,-30.51,-22.79,11.63,39.82
15:41:08:2,-30.54,-22.76,11.89,39.91
15:41:08:3,-30.69,-22.62,13.14,40.32
15:41:08:3,-30.61,-23.15,13.37,40.64
15:41:08:3,-30.51,-23.82,13.65,41.04
15:41:08:3,-29.54,-23.09,11.49,39.21
15:41:08:3,-29.15,-22.79,10.63,38.50
15:41:08:3,-31.18,-23.81,11.62,40.91
15:41:08:4,-31.31,-23.84,11.53,41.01
15:41:08:4,-32.05,-23.99,10.80,41.47
15:41:08:4,-31.24,-24.13,10.13,40.75
15:41:08:4,-30.00,-24.33,9.12,39.69
15:41:08:4,-30.00,-25.25,9.12,40.26
15:41:08:4,-30.00,-25.70,9.12,40.54
15:41:08:5,-30.65,-27.64,8.49,42.13
15:41:08:5,-30.63,-27.62,8.29,42.07
15:41:08:5,-30.00,-26.04,6.44,40.25
15:41:08:5,-29.70,-26.58,5.67,40.26
15:41:08:5,-29.15,-27.58,4.26,40.35
15:41:08:5,-27.22,-28.44,3.43,39.52
15:41:08:6,-26.07,-28.95,2.92,39.07
15:41:08:6,-28.22,-30.18,-0.38,41.32
15:41:08:6,-28.44,-30.27,-0.85,41.55
15:41:08:6,-27.78,-28.95,-3.45,40.27
15:41:08:6,-26.84,-29.79,-4.16,40.31
15:41:08:6,-24.70,-31.69,-5.79,40.59
15:41:08:7,-24.30,-31.89,-5.79,40.51
15:41:08:7,-24.01,-32.03,-5.79,40.45
15:41:08:7,-23.58,-32.18,-5.65,40.29
15:41:08:7,-23.50,-32.20,-5.63,40.26
15:41:08:7,-22.30,-32.03,-9.48,40.17
15:41:08:8,-22.04,-32.12,-9.39,40.07
15:41:08:8,-21.28,-32.37,-9.14,39.80
15:41:08:8,-21.73,-31.74,-9.59,39.64
15:41:08:8,-22.13,-31.18,-9.98,39.51
15:41:08:8,-23.92,-32.42,-10.39,41.61
15:41:08:8,-24.35,-32.71,-10.49,42.11
15:41:08:9,-24.70,-34.08,-12.83,44.00
15:41:08:9,-24.74,-33.90,-12.65,43.83
15:41:08:9,-24.87,-33.23,-11.99,43.20
15:41:08:9,-25.62,-33.31,-13.71,44.20
15:41:08:9,-26.41,-33.40,-15.51,45.32
15:41:08:9,-28.23,-35.48,-16.79,48.35
15:41:08:9,-28.80,-36.14,-17.19,49.31
15:41:09:0,-28.97,-37.34,-20.37,51.46
15:41:09:0,-29.06,-37.42,-20.52,51.63
15:41:09:0,-29.49,-37.85,-21.21,52.46
15:41:09:0,-30.02,-37.92,-22.32,53.27
15:41:09:0,-30.69,-38.02,-23.72,54.31
15:41:09:0,-29.95,-38.26,-25.16,54.72
15:41:09:1,-29.66,-38.36,-25.74,54.90
15:41:09:1,-31.35,-38.36,-27.39,56.61
15:41:09:1,-31.33,-38.40,-27.83,56.84
15:41:09:1,-31.03,-38.70,-30.76,58.37
15:41:09:1,-30.82,-39.18,-30.56,58.48
15:41:09:1,-30.51,-39.90,-30.26,58.64
15:41:09:2,-29.83,-39.90,-30.48,58.40
15:41:09:2,-29.49,-39.90,-30.60,58.29
15:41:09:2,-30.78,-40.87,-34.08,61.47
15:41:09:2,-31.01,-40.97,-34.32,61.79
15:41:09:2,-32.74,-41.44,-34.79,63.24
15:41:09:3,-32.68,-41.62,-35.55,63.75
15:41:09:3,-32.57,-41.95,-36.96,64.71
15:41:09:3,-32.57,-43.03,-37.59,65.76
15:41:09:3,-32.57,-43.66,-37.97,66.40
15:41:09:3,-34.57,-43.51,-36.91,66.71
15:41:09:3,-34.77,-43.52,-36.83,66.78
15:41:09:4,-34.11,-44.18,-37.80,67.41
15:41:09:4,-34.16,-44.23,-37.75,67.44
15:41:09:4,-34.28,-44.35,-37.63,67.51
15:41:09:4,-34.68,-45.14,-37.83,68.35
15:41:09:4,-34.96,-45.72,-37.97,68.95
15:41:09:4,-32.92,-45.43,-35.97,66.64
15:41:09:4,-32.57,-45.38,-35.62,66.25
15:41:09:5,-36.16,-45.89,-34.45,67.82
15:41:09:5,-36.25,-45.71,-34.10,67.58
15:41:09:5,-36.50,-45.21,-33.11,66.87
15:41:09:5,-35.77,-44.66,-32.21,65.67
15:41:09:5,-35.13,-44.18,-31.43,64.61
15:41:09:5,-35.55,-41.55,-29.67,62.22
15:41:09:6,-35.65,-40.93,-29.25,61.66
15:41:09:6,-34.45,-41.78,-25.74,59.96
15:41:09:6,-34.27,-41.89,-25.26,59.73
15:41:09:6,-33.59,-42.30,-23.56,58.93
15:41:09:6,-33.09,-41.29,-23.23,57.79
15:41:09:7,-32.57,-40.24,-22.89,56.60
15:41:09:7,-32.18,-39.33,-19.18,54.32
15:41:09:7,-32.05,-39.05,-18.03,53.64
15:41:09:7,-31.37,-36.31,-16.69,50.80
15:41:09:7,-31.58,-36.40,-16.08,50.80
15:41:09:7,-32.57,-36.82,-13.17,50.89
15:41:09:8,-32.11,-36.67,-12.87,50.41
15:41:09:8,-31.54,-36.48,-12.50,49.82
15:41:09:8,-32.28,-35.74,-12.26,49.70
15:41:09:8,-32.57,-35.45,-12.16,49.65
15:41:09:8,-30.20,-35.79,-8.84,47.66
15:41:09:8,-30.09,-35.54,-8.81,47.39
15:41:09:9,-29.49,-33.74,-8.81,45.67
15:41:09:9,-30.03,-33.61,-8.94,45.95
15:41:09:9,-30.86,-33.40,-9.14,46.38
15:41:09:9,-30.40,-33.63,-8.92,46.20
15:41:09:9,-30.17,-33.74,-8.81,46.11
15:41:09:9,-29.53,-32.77,-10.71,45.39
15:41:10:0,-29.67,-32.54,-10.81,45.34
15:41:10:0,-31.71,-30.49,-10.65,45.26
15:41:10:0,-31.77,-29.95,-11.07,45.04
15:41:10:0,-31.88,-28.95,-11.83,44.66
15:41:10:0,-32.53,-28.74,-12.25,45.10
15:41:10:0,-32.91,-28.61,-12.50,45.36
15:41:10:1,-34.45,-26.15,-13.40,45.28
15:41:10:1,-34.60,-25.84,-13.55,45.26
15:41:10:1,-33.94,-24.84,-14.84,44.60
15:41:10:1,-34.52,-23.94,-15.00,44.61
15:41:10:1,-35.82,-21.94,-15.35,44.72
15:41:10:1,-35.32,-21.44,-16.03,44.32
15:41:10:2,-34.96,-21.08,-16.52,44.04
15:41:10:2,-35.69,-20.06,-16.09,43.99
15:41:10:2,-35.82,-19.88,-16.02,43.99
15:41:10:2,-36.85,-17.15,-17.02,44.06
15:41:10:2,-37.07,-16.65,-17.51,44.25
15:41:10:2,-37.70,-15.26,-18.86,44.83
15:41:10:3,-37.70,-14.53,-19.58,44.90
15:41:10:3,-37.70,-13.89,-20.21,44.97
15:41:10:3,-37.42,-11.96,-21.29,44.69
15:41:10:3,-37.36,-11.50,-21.55,44.63
15:41:10:3,-36.33,-10.13,-21.88,43.60
15:41:10:3,-36.52,-9.72,-22.43,43.95
15:41:10:4,-37.19,-8.25,-24.39,45.23
15:41:10:4,-37.10,-6.99,-23.82,44.64
15:41:10:4,-37.02,-5.68,-23.22,44.07
15:41:10:4,-37.41,-6.86,-24.89,45.45
15:41:10:4,-37.53,-7.22,-25.40,45.89
15:41:10:4,-38.04,-3.63,-25.57,45.98
15:41:10:5,-37.81,-3.39,-25.57,45.77
15:41:10:5,-36.67,-2.26,-25.57,44.76
15:41:10:5,-36.90,-2.49,-25.79,45.09
15:41:10:5,-37.19,-2.77,-26.07,45.50
15:41:10:5,-36.33,-1.91,-27.15,45.39
15:41:10:5,-35.99,-1.58,-27.58,45.37
15:41:10:6,-37.52,0.63,-27.08,46.27
15:41:10:6,-37.64,0.71,-26.97,46.31
15:41:10:6,-38.39,1.16,-26.24,46.51
15:41:10:6,-38.04,0.82,-26.98,46.64
15:41:10:6,-37.53,0.31,-28.08,46.87
15:41:10:6,-36.84,0.31,-28.31,46.46
15:41:10:7,-36.50,0.31,-28.42,46.26
15:41:10:7,-36.34,2.09,-26.67,45.13
15:41:10:7,-36.46,2.17,-26.67,45.23
15:41:10:7,-37.87,2.02,-27.75,46.99
15:41:10:7,-37.69,1.83,-27.45,46.66
15:41:10:7,-37.36,1.50,-26.91,46.06
15:41:10:8,-36.93,1.93,-27.75,46.23
15:41:10:8,-36.67,2.19,-28.25,46.34
15:41:10:8,-35.90,1.72,-28.70,46.00
15:41:10:8,-35.85,1.67,-28.66,45.93
15:41:10:8,-36.67,1.50,-26.24,45.12
15:41:10:8,-36.78,1.93,-26.76,45.53
15:41:10:9,-37.02,2.87,-27.91,46.45
15:41:10:9,-37.22,2.87,-27.91,46.61
15:41:10:9,-37.36,2.87,-27.91,46.72
15:41:10:9,-36.18,0.52,-27.63,45.53
15:41:10:9,-35.99,0.13,-27.58,45.34
15:41:11:0,-36.67,1.16,-29.25,46.93
15:41:11:0,-36.90,1.30,-29.03,46.97
15:41:11:0,-37.53,1.67,-28.42,47.10
15:41:11:0,-36.33,0.84,-28.14,45.97
15:41:11:0,-35.31,0.13,-27.91,45.01
15:41:11:0,-35.86,0.69,-28.46,45.79
15:41:11:0,-35.99,0.82,-28.58,45.97
15:41:11:1,-37.19,2.02,-27.75,46.44
15:41:11:1,-37.11,2.24,-27.97,46.53
15:41:11:1,-36.85,3.04,-28.75,46.84
15:41:11:1,-36.93,2.62,-27.84,46.32
15:41:11:1,-37.02,2.19,-26.91,45.82
15:41:11:1,-37.54,2.19,-27.17,46.39
15:41:11:2,-37.70,2.19,-27.24,46.56
15:41:11:2,-36.33,1.85,-27.24,45.45
15:41:11:2,-36.33,1.85,-27.12,45.38
15:41:11:2,-36.33,1.85,-26.57,45.05
15:41:11:2,-35.95,2.08,-26.19,44.53
15:41:11:2,-35.48,2.36,-25.74,43.89
15:41:11:3,-36.59,1.74,-27.80,45.98
15:41:11:3,-37.02,1.50,-28.58,46.79
15:41:11:3,-35.31,1.50,-27.58,44.83
15:41:11:3,-35.56,1.57,-27.64,45.07
15:41:11:3,-37.19,2.02,-28.08,46.64
15:41:11:3,-37.19,1.60,-28.22,46.71
15:41:11:4,-37.19,0.99,-28.42,46.81
15:41:11:4,-37.42,0.99,-28.64,47.13
15:41:11:4,-37.53,0.99,-28.75,47.29
15:41:11:4,-36.56,2.29,-27.80,45.98
15:41:11:4,-36.43,2.22,-27.64,45.79
15:41:11:5,-35.65,0.82,-26.57,44.47
15:41:11:5,-35.83,1.25,-26.87,44.81
15:41:11:5,-36.16,2.02,-27.41,45.42
15:41:11:5,-36.59,2.23,-27.62,45.90
15:41:11:5,-36.85,2.36,-27.75,46.18
15:41:11:5,-37.62,2.20,-27.29,46.53
15:41:11:6,-37.64,2.15,-27.26,46.52
15:41:11:6,-36.16,1.33,-27.75,45.60
15:41:11:6,-36.48,1.22,-27.75,45.85
15:41:11:6,-37.19,0.99,-27.75,46.41
15:41:11:6,-35.98,0.79,-27.16,45.09
15:41:11:6,-35.13,0.65,-26.74,44.16
15:41:11:6,-36.16,1.97,-26.88,45.10
15:41:11:7,-36.33,2.19,-26.91,45.26
15:41:11:7,-36.67,2.87,-26.24,45.19
15:41:11:7,-36.22,2.41,-26.42,44.89
15:41:11:7,-34.96,1.16,-26.91,44.13
15:41:11:7,-35.06,1.62,-27.18,44.39
15:41:11:7,-35.13,2.02,-27.41,44.61
15:41:11:8,-37.22,2.71,-27.82,46.55
15:41:11:8,-37.70,2.87,-27.91,47.00
15:41:11:8,-37.19,-0.72,-27.41,46.20
15:41:11:8,-36.92,-0.22,-27.75,46.18
15:41:11:8,-35.99,1.50,-28.92,46.19
15:41:11:9,-35.82,1.33,-27.92,45.44
15:41:11:9,-35.65,1.16,-26.91,44.68
15:41:11:9,-36.57,0.24,-27.81,45.94
15:41:11:9,-36.85,-0.04,-28.08,46.33
15:41:11:9,-35.48,0.31,-27.75,45.04
15:41:11:9,-35.45,0.64,-27.72,45.00
15:41:12:0,-35.31,2.19,-27.58,44.85
15:41:12:0,-36.31,1.65,-27.80,45.76
15:41:12:0,-37.53,0.99,-28.08,46.88
15:41:12:0,-36.79,0.99,-29.05,46.89
15:41:12:0,-36.50,0.99,-29.42,46.90
15:41:12:0,-35.99,1.84,-28.25,45.80
15:41:12:1,-36.17,1.71,-28.25,45.92
15:41:12:1,-37.36,0.82,-28.25,46.84
15:41:12:1,-37.70,1.16,-28.05,47.01
15:41:12:1,-38.21,1.67,-27.75,47.25
15:41:12:1,-36.13,1.44,-27.97,45.72
15:41:12:1,-35.13,1.33,-28.08,45.00
15:41:12:1,-36.43,1.01,-28.72,46.40
15:41:12:2,-36.52,1.12,-28.71,46.47
15:41:12:2,-36.67,2.53,-28.25,46.36
15:41:12:2,-36.31,1.55,-27.65,45.66
15:41:12:2,-35.65,-0.21,-26.57,44.46
15:41:12:2,-35.65,1.30,-27.84,45.25
15:41:12:3,-35.65,2.19,-28.58,45.74
15:41:12:3,-36.57,1.88,-28.28,46.27
15:41:12:3,-36.71,1.86,-28.21,46.34
15:41:12:3,-37.70,2.19,-27.24,46.56
15:41:12:3,-37.07,1.87,-27.35,46.10
15:41:12:3,-35.65,1.16,-27.58,45.09
15:41:12:4,-35.35,0.86,-27.29,44.66
15:41:12:4,-35.13,0.65,-27.08,44.36
15:41:12:4,-37.04,0.79,-27.79,46.31
15:41:12:4,-37.36,0.82,-27.91,46.64
15:41:12:4,-37.36,0.82,-29.25,47.46
15:41:12:4,-37.14,1.13,-28.68,46.94
15:41:12:5,-36.50,2.02,-27.08,45.49
15:41:12:5,-36.14,1.10,-27.79,45.60
15:41:12:5,-35.82,0.31,-28.42,45.72
15:41:12:5,-36.37,0.31,-26.25,44.86
15:41:12:5,-36.50,0.31,-25.74,44.66
15:41:12:5,-36.50,0.31,-28.08,46.06
15:41:12:6,-36.69,0.64,-28.34,46.36
15:41:12:6,-37.36,1.85,-29.25,47.49
15:41:12:6,-36.52,1.17,-28.60,46.40
15:41:12:6,-35.65,0.48,-27.91,45.28
15:41:12:6,-36.82,1.91,-28.04,46.32
15:41:12:6,-37.19,2.36,-28.08,46.66
15:41:12:7,-35.82,2.02,-26.07,44.35
15:41:12:7,-36.05,1.78,-26.19,44.60
15:41:12:7,-37.19,0.65,-26.74,45.81
15:41:12:7,-36.35,0.57,-27.71,45.71
15:41:12:7,-35.31,0.48,-28.92,45.64
15:41:12:7,-35.92,1.09,-28.08,45.60
15:41:12:8,-36.16,1.33,-27.75,45.60
15:41:12:8,-37.35,0.82,-28.24,46.83
15:41:12:8,-37.32,0.89,-28.31,46.85
15:41:12:8,-36.93,1.47,-28.88,46.90
15:41:12:8,-37.19,1.33,-28.08,46.62
15:41:12:9,-36.96,1.30,-28.11,46.45
15:41:12:9,-35.99,1.16,-28.25,45.77
15:41:12:9,-36.07,1.39,-28.02,45.69
15:41:12:9,-36.16,1.67,-27.75,45.61
15:41:12:9,-36.40,1.67,-28.46,46.24
15:41:12:9,-36.50,1.67,-28.75,46.50
15:41:12:9,-37.50,1.67,-26.47,45.93
15:41:13:0,-37.30,1.75,-26.83,45.98
15:41:13:0,-35.99,2.19,-29.25,46.43
15:41:13:0,-35.78,1.56,-29.19,46.20
15:41:13:0,-35.48,0.65,-29.09,45.88
15:41:13:0,-37.08,1.10,-28.19,46.59
15:41:13:0,-37.87,1.33,-27.75,46.97
15:41:13:1,-35.65,2.28,-28.37,45.62
15:41:13:1,-35.53,2.38,-28.36,45.53
15:41:13:1,-35.99,2.53,-27.91,45.62
15:41:13:1,-36.30,2.59,-27.98,45.90
15:41:13:1,-36.85,2.70,-28.08,46.41
15:41:13:1,-35.99,2.06,-28.29,45.82
15:41:13:2,-35.48,1.67,-28.42,45.49
15:41:13:2,-36.23,0.92,-27.67,45.60
15:41:13:2,-36.34,0.81,-27.67,45.69
15:41:13:2,-36.50,0.65,-29.09,46.68
15:41:13:2,-36.45,1.26,-28.82,46.48
15:41:13:2,-36.33,2.53,-28.25,46.09
15:41:13:3,-35.54,1.34,-28.83,45.78
15:41:13:3,-34.96,0.48,-29.25,45.59
15:41:13:3,-36.11,1.05,-28.41,45.96
15:41:13:3,-36.32,1.19,-28.24,46.02
15:41:13:3,-35.65,2.53,-27.91,45.35
15:41:13:4,-36.27,2.10,-28.15,45.96
15:41:13:4,-37.87,0.99,-28.75,47.56
15:41:13:4,-37.41,0.53,-26.86,46.06
15:41:13:4,-37.02,0.13,-25.23,44.80
15:41:13:4,-37.43,0.27,-26.44,45.82
15:41:13:4,-37.53,0.31,-26.74,46.08
15:41:13:5,-36.67,-1.23,-27.58,45.90
15:41:13:5,-36.84,-1.48,-26.87,45.62
15:41:13:5,-37.36,-2.26,-24.56,44.77
15:41:13:5,-37.44,-3.37,-24.64,44.95
15:41:13:5,-37.53,-4.48,-24.73,45.17
15:41:13:5,-37.27,-4.74,-24.48,44.84
15:41:13:5,-37.19,-4.83,-24.39,44.74
15:41:13:6,-37.36,-6.02,-24.56,45.11
15:41:13:6,-37.56,-6.36,-24.43,45.25
15:41:13:6,-38.39,-7.74,-23.89,45.87
15:41:13:6,-38.08,-7.89,-22.67,45.01
15:41:13:6,-37.70,-8.08,-21.21,44.01
15:41:13:6,-38.68,-9.54,-20.73,44.91
15:41:13:7,-39.07,-10.13,-20.54,45.29
15:41:13:7,-37.91,-11.96,-19.07,44.09
15:41:13:7,-38.13,-12.27,-19.08,44.37
15:41:13:7,-39.58,-13.72,-19.37,46.15
15:41:13:7,-38.81,-14.78,-19.16,45.74
15:41:13:7,-37.70,-16.29,-18.86,45.19
15:41:13:8,-37.93,-17.44,-17.74,45.36
15:41:13:8,-38.04,-18.00,-17.19,45.46
15:41:13:8,-37.09,-18.96,-16.88,44.94
15:41:13:8,-37.03,-19.26,-16.76,44.98
15:41:13:8,-37.19,-21.25,-16.02,45.73
15:41:13:9,-37.12,-21.69,-16.32,45.99
15:41:13:9,-37.02,-22.45,-16.85,46.46
15:41:13:9,-35.94,-25.03,-17.06,47.01
15:41:13:9,-35.31,-26.56,-17.19,47.40
15:41:13:9,-33.79,-27.16,-16.29,46.31
15:41:13:9,-33.65,-27.30,-16.10,46.23
15:41:14:0,-34.45,-28.10,-15.01,46.92
15:41:14:0,-34.00,-29.21,-14.90,47.24
15:41:14:0,-33.08,-31.52,-14.68,47.99
15:41:14:0,-33.48,-31.72,-14.48,48.34
15:41:14:0,-33.77,-31.86,-14.34,48.59
15:41:14:0,-34.92,-32.73,-14.90,50.13
15:41:14:1,-35.07,-32.94,-14.96,50.38
15:41:14:1,-32.23,-35.11,-12.83,49.35
15:41:14:1,-32.03,-35.40,-12.64,49.39
15:41:14:1,-31.54,-36.14,-12.16,49.48
15:41:14:1,-31.45,-37.16,-11.52,50.03
15:41:14:1,-31.37,-38.02,-10.99,50.50
15:41:14:1,-31.10,-38.57,-11.80,50.93
15:41:14:2,-31.03,-38.70,-11.99,51.03
15:41:14:2,-30.00,-41.10,-11.99,52.28
15:41:14:2,-30.25,-40.77,-11.34,52.02
15:41:14:2,-31.03,-39.73,-9.31,51.26
15:41:14:2,-30.94,-40.16,-9.23,51.53
15:41:14:3,-30.86,-40.59,-9.14,51.80
15:41:14:3,-30.60,-40.07,-10.42,51.48
15:41:14:3,-30.51,-39.90,-10.82,51.38
15:41:14:3,-30.69,-37.34,-9.31,49.22
15:41:14:3,-30.48,-37.54,-9.58,49.30
15:41:14:3,-29.66,-38.36,-10.65,49.65
15:41:14:4,-30.60,-38.36,-10.96,50.28
15:41:14:4,-31.71,-38.36,-11.32,51.04
15:41:14:4,-31.84,-36.27,-11.93,49.71
15:41:14:4,-31.88,-35.45,-12.16,49.21
15:41:14:4,-32.05,-36.29,-14.30,50.48
15:41:14:4,-32.08,-36.44,-14.31,50.62
15:41:14:5,-32.23,-37.16,-14.17,51.19
15:41:14:5,-32.30,-36.95,-14.24,51.10
15:41:14:5,-32.40,-36.65,-14.34,50.98
15:41:14:5,-32.28,-35.84,-15.36,50.62
15:41:14:5,-32.23,-35.45,-15.85,50.46
15:41:14:5,-33.51,-37.38,-17.73,53.24
15:41:14:6,-33.59,-37.27,-17.70,53.21
15:41:14:6,-33.59,-35.45,-16.52,51.56
15:41:14:6,-34.56,-35.77,-16.58,52.43
15:41:14:6,-36.16,-36.31,-16.69,53.89
15:41:14:6,-35.29,-35.66,-16.69,52.87
15:41:14:6,-34.79,-35.28,-16.69,52.28
15:41:14:6,-35.41,-35.59,-17.59,53.19
15:41:14:7,-35.49,-35.71,-17.58,53.33
15:41:14:7,-35.65,-36.82,-16.18,53.74
15:41:14:7,-34.91,-36.88,-16.46,53.38
15:41:14:7,-33.42,-36.99,-17.02,52.68
15:41:14:7,-33.93,-37.10,-17.72,53.30
15:41:14:8,-34.28,-37.16,-18.19,53.73
15:41:14:8,-33.40,-37.16,-17.34,52.89
15:41:14:8,-33.26,-37.15,-17.20,52.75
15:41:14:8,-33.42,-36.65,-17.69,52.66
15:41:14:8,-33.57,-36.40,-17.25,52.44
15:41:14:8,-33.94,-35.80,-16.18,51.91
15:41:14:9,-33.84,-35.70,-14.98,51.42
15:41:14:9,-33.77,-35.62,-14.00,51.04
15:41:14:9,-33.07,-33.54,-11.69,48.53
15:41:14:9,-32.91,-33.06,-11.16,47.96
15:41:14:9,-32.40,-34.25,-9.65,48.13
15:41:14:9,-31.67,-33.95,-9.10,47.31
15:41:15:0,-29.49,-33.06,-7.47,44.92
15:41:15:0,-29.40,-32.27,-5.67,44.02
15:41:15:0,-29.32,-31.52,-3.95,43.22
15:41:15:0,-29.19,-32.18,-2.53,43.52
15:41:15:0,-29.15,-32.37,-2.11,43.61
15:41:15:0,-26.75,-31.69,-0.43,41.47
15:41:15:1,-26.61,-31.62,-0.01,41.32
15:41:15:1,-26.07,-31.35,1.58,40.80
15:41:15:1,-25.91,-30.38,1.58,39.96
15:41:15:1,-25.72,-29.29,1.58,39.02
15:41:15:1,-25.60,-29.67,2.44,39.26
15:41:15:1,-25.55,-29.81,2.75,39.36
15:41:15:2,-25.38,-30.31,5.90,39.98
15:41:15:2,-25.35,-30.29,5.97,39.95
15:41:15:2,-25.21,-30.15,6.11,39.77
15:41:15:2,-26.16,-28.76,7.03,39.51
15:41:15:2,-27.44,-26.90,8.28,39.30
15:41:15:2,-28.02,-27.02,8.40,39.82
15:41:15:3,-28.29,-27.07,8.45,40.06
15:41:15:3,-27.48,-25.93,9.88,39.06
15:41:15:3,-27.48,-25.74,10.13,38.99
15:41:15:3,-27.78,-24.84,11.30,38.94
15:41:15:3,-27.84,-25.18,11.11,39.15
15:41:15:3,-27.95,-25.70,10.80,39.47
15:41:15:4,-27.84,-24.70,11.99,39.10
15:41:15:4,-27.78,-24.16,12.64,38.92
15:41:15:4,-28.24,-24.32,13.70,39.71
15:41:15:4,-28.31,-24.23,13.97,39.79
15:41:15:4,-28.46,-23.13,15.66,39.88
15:41:15:4,-28.58,-22.42,15.66,39.56
15:41:15:5,-28.80,-21.08,15.66,38.98
15:41:15:5,-29.95,-20.77,16.17,39.87
15:41:15:5,-30.69,-20.57,16.49,40.46
15:41:15:5,-29.65,-20.72,17.51,40.18
15:41:15:5,-29.43,-20.73,17.75,40.14
15:41:15:6,-28.29,-20.57,19.51,40.05
15:41:15:6,-28.81,-20.36,19.51,40.32
15:41:15:6,-30.00,-19.88,19.51,40.94
15:41:15:6,-29.81,-19.69,19.70,40.80
15:41:15:6,-29.66,-19.54,19.85,40.69
15:41:15:6,-28.81,-18.41,19.29,39.26
15:41:15:7,-28.64,-18.18,19.18,38.97
15:41:15:7,-30.17,-20.05,20.01,41.39
15:41:15:7,-30.13,-19.65,20.24,41.27
15:41:15:7,-30.00,-18.52,20.85,40.96
15:41:15:7,-29.82,-19.06,20.85,41.08
15:41:15:7,-29.66,-19.54,20.85,41.19
15:41:15:7,-28.72,-18.87,20.98,40.26
15:41:15:8,-28.46,-18.69,21.02,40.01
15:41:15:8,-29.66,-18.86,21.86,41.39
15:41:15:8,-29.54,-18.82,21.52,41.11
15:41:15:8,-29.15,-18.69,20.35,40.16
15:41:15:8,-28.56,-18.77,20.76,39.99
15:41:15:8,-27.95,-18.86,21.19,39.82
15:41:15:9,-28.97,-19.11,20.94,40.53
15:41:15:9,-29.32,-19.20,20.85,40.78
15:41:15:9,-28.29,-19.20,20.52,39.87
15:41:15:9,-28.20,-19.29,20.48,39.84
15:41:15:9,-27.78,-19.71,20.35,39.68
15:41:15:9,-28.31,-20.55,19.83,40.21
15:41:16:0,-28.97,-21.59,19.18,40.91
15:41:16:0,-29.94,-22.32,19.89,42.31
15:41:16:0,-30.34,-22.62,20.18,42.89
15:41:16:0,-27.20,-21.46,17.75,38.93
15:41:16:0,-27.24,-21.62,17.67,39.01
15:41:16:1,-28.12,-22.79,17.67,40.28
15:41:16:1,-28.12,-22.79,17.40,40.16
15:41:16:1,-28.12,-22.79,17.00,39.99
15:41:16:1,-28.01,-23.82,15.33,39.83
15:41:16:1,-27.95,-24.33,14.48,39.79
15:41:16:1,-27.47,-25.13,13.40,39.57
15:41:16:2,-27.45,-25.24,13.29,39.59
15:41:16:2,-27.61,-25.70,13.14,39.94
15:41:16:2,-27.36,-26.57,12.78,40.22
15:41:16:2,-26.92,-28.10,12.14,40.76
15:41:16:2,-25.86,-27.67,12.35,39.83
15:41:16:2,-25.21,-27.41,12.47,39.27
15:41:16:2,-25.67,-29.08,11.14,40.35
15:41:16:3,-25.72,-29.38,10.84,40.53
15:41:16:3,-25.72,-30.66,8.95,41.01
15:41:16:3,-25.61,-30.33,8.63,40.63
15:41:16:3,-25.38,-29.64,7.95,39.82
15:41:16:3,-24.29,-30.73,7.27,39.84
15:41:16:3,-23.50,-31.52,6.77,39.89
15:41:16:4,-24.51,-30.80,5.22,39.71
15:41:16:4,-24.69,-30.67,4.92,39.68
15:41:16:4,-24.53,-30.83,4.43,39.65
15:41:16:4,-24.62,-30.74,4.05,39.59
15:41:16:4,-24.87,-30.49,3.09,39.47
15:41:16:5,-25.43,-30.49,2.55,39.78
15:41:16:5,-25.90,-30.49,2.08,40.06
15:41:16:5,-26.17,-31.86,-0.34,41.24
15:41:16:5,-26.24,-32.20,-0.93,41.55
15:41:16:5,-28.46,-31.35,-1.77,42.38
15:41:16:5,-28.46,-31.68,-2.34,42.65
15:41:16:6,-28.46,-32.71,-4.12,43.56
15:41:16:6,-30.01,-31.86,-5.29,44.08
15:41:16:6,-31.54,-31.00,-6.46,44.70
15:41:16:6,-31.28,-31.79,-7.74,45.26
15:41:16:6,-31.20,-32.03,-8.14,45.45
15:41:16:6,-33.59,-32.71,-9.82,47.91
15:41:16:7,-33.94,-32.79,-10.08,48.25
15:41:16:7,-35.31,-33.06,-11.16,49.64
15:41:16:7,-34.60,-33.14,-12.00,49.39
15:41:16:7,-33.77,-33.23,-13.00,49.13
15:41:16:7,-35.74,-33.72,-14.93,51.36
15:41:16:7,-36.50,-33.91,-15.68,52.23
15:41:16:7,-37.01,-34.75,-17.81,53.80
15:41:16:8,-37.15,-34.74,-18.21,54.03
15:41:16:8,-37.87,-34.60,-20.04,55.07
15:41:16:8,-38.30,-35.32,-20.74,56.08
15:41:16:8,-38.90,-36.31,-21.71,57.47
15:41:16:8,-37.62,-35.03,-21.37,55.67
15:41:16:9,-37.02,-34.43,-21.21,54.82
15:41:16:9,-37.98,-35.07,-21.52,56.00
15:41:16:9,-38.17,-35.23,-21.58,56.25
15:41:16:9,-39.07,-36.14,-21.88,57.54
15:41:16:9,-39.20,-36.14,-22.90,58.02
15:41:16:9,-39.41,-36.14,-24.56,58.84
15:41:17:0,-39.19,-36.14,-23.27,58.17
15:41:17:0,-39.07,-36.14,-22.55,57.80
15:41:17:0,-39.69,-37.68,-21.95,58.96
15:41:17:0,-39.77,-37.73,-21.87,59.02
15:41:17:0,-39.92,-36.31,-21.71,58.17
15:41:17:0,-39.98,-36.48,-21.54,58.25
15:41:17:1,-40.10,-36.82,-21.21,58.42
15:41:17:1,-39.69,-37.64,-20.61,58.45
15:41:17:1,-39.41,-38.19,-20.21,58.48
15:41:17:1,-39.85,-36.87,-20.35,57.98
15:41:17:1,-39.88,-36.75,-20.33,57.91
15:41:17:1,-38.73,-39.22,-19.20,58.36
15:41:17:2,-39.14,-39.12,-19.10,58.54
15:41:17:2,-40.10,-38.87,-18.86,58.95
15:41:17:2,-39.91,-38.11,-18.86,58.32
15:41:17:2,-39.75,-37.51,-18.86,57.82
15:41:17:2,-38.77,-36.53,-18.45,56.37
15:41:17:2,-38.56,-36.31,-18.36,56.05
15:41:17:3,-37.53,-37.68,-18.36,56.26
15:41:17:3,-37.57,-37.72,-18.15,56.25
15:41:17:3,-37.70,-37.85,-17.52,56.22
15:41:17:3,-36.99,-38.20,-16.31,55.62
15:41:17:3,-36.33,-38.53,-15.18,55.09
15:41:17:3,-35.13,-37.87,-15.05,53.80
15:41:17:4,-34.79,-37.68,-15.01,53.44
15:41:17:4,-33.77,-39.39,-14.34,53.83
15:41:17:4,-33.58,-39.50,-14.60,53.86
15:41:17:4,-32.91,-39.90,-15.51,54.00
15:41:17:4,-32.67,-38.52,-15.12,52.72
15:41:17:4,-32.40,-36.99,-14.68,51.32
15:41:17:5,-33.16,-38.00,-14.18,52.39
15:41:17:5,-33.42,-38.36,-14.00,52.77
15:41:17:5,-29.84,-37.17,-16.18,50.33
15:41:17:5,-29.98,-37.07,-16.09,50.32
15:41:17:5,-30.69,-36.65,-15.68,50.31
15:41:17:5,-31.14,-36.50,-17.00,50.90
15:41:17:6,-31.71,-36.31,-18.70,51.71
15:41:17:6,-30.40,-35.24,-19.28,50.37
15:41:17:6,-29.83,-34.77,-19.54,49.80
15:41:17:6,-29.01,-33.95,-20.66,49.20
15:41:17:7,-29.30,-33.63,-20.93,49.27
15:41:17:7,-31.37,-31.86,-22.38,50.00
15:41:17:7,-30.63,-30.98,-23.25,49.38
15:41:17:7,-29.49,-29.64,-24.56,48.49
15:41:17:7,-29.94,-29.41,-23.90,48.30
15:41:17:7,-30.17,-29.29,-23.56,48.20
15:41:17:7,-29.39,-27.25,-25.25,47.37
15:41:17:7,-29.33,-26.96,-25.60,47.36
15:41:17:8,-29.49,-25.87,-27.58,47.95
15:41:17:8,-29.55,-25.20,-27.88,47.81
15:41:17:8,-29.66,-23.99,-28.42,47.57
15:41:17:8,-30.19,-21.99,-28.93,47.24
15:41:17:8,-30.51,-20.74,-29.25,47.09
15:41:17:8,-31.12,-18.34,-30.13,47.04
15:41:17:9,-31.18,-17.94,-30.28,47.02
15:41:17:9,-30.86,-16.97,-30.60,46.65
15:41:17:9,-31.23,-15.95,-30.86,46.71
15:41:17:9,-32.05,-13.72,-31.43,46.95
15:41:17:9,-31.47,-12.54,-31.05,45.95
15:41:17:9,-31.03,-11.67,-30.76,45.22
15:41:18:0,-33.18,-8.95,-32.02,46.97
15:41:18:0,-33.59,-8.40,-32.25,47.32
15:41:18:0,-33.42,-6.88,-31.10,46.17
15:41:18:0,-33.56,-6.09,-30.96,46.07
15:41:18:0,-33.94,-3.97,-30.60,45.86
15:41:18:0,-34.30,-4.52,-31.13,46.54
15:41:18:1,-34.62,-5.00,-31.60,47.14
15:41:18:1,-33.80,-1.73,-30.80,45.76
15:41:18:1,-33.59,-0.89,-30.60,45.45
15:41:18:1,-33.42,-1.75,-31.77,46.15
15:41:18:1,-33.58,-1.59,-31.85,46.31
15:41:18:1,-34.11,-1.06,-32.10,46.85
15:41:18:2,-33.94,-0.39,-31.11,46.04
15:41:18:2,-33.77,0.31,-30.09,45.23
15:41:18:2,-33.77,0.56,-32.11,46.60
15:41:18:2,-33.77,0.65,-32.77,47.06
15:41:18:2,-32.05,2.36,-33.78,46.63
15:41:18:3,-32.12,2.03,-33.26,46.28
15:41:18:3,-32.40,0.65,-31.10,44.91
15:41:18:3,-32.71,1.11,-32.01,45.78
15:41:18:3,-33.08,1.67,-33.11,46.83
15:41:18:3,-32.84,1.67,-33.11,46.66
15:41:18:3,-32.74,1.67,-33.11,46.59
15:41:18:3,-33.07,0.34,-32.13,46.11
15:41:18:4,-32.98,0.51,-32.36,46.20
15:41:18:4,-32.40,1.67,-33.78,46.83
15:41:18:4,-32.40,0.26,-32.95,46.21
15:41:18:4,-32.40,-1.75,-31.77,45.41
15:41:18:4,-32.40,-0.60,-31.54,45.22
15:41:18:4,-32.40,-0.04,-31.43,45.14
15:41:18:5,-32.88,0.76,-33.15,46.70
15:41:18:5,-32.72,0.90,-33.24,46.65
15:41:18:5,-31.20,1.50,-32.94,45.40
15:41:18:5,-32.03,1.18,-32.50,45.65
15:41:18:5,-33.42,0.65,-31.77,46.12
15:41:18:5,-32.99,0.65,-32.40,46.25
15:41:18:6,-32.74,0.65,-32.77,46.33
15:41:18:6,-33.04,0.34,-33.07,46.75
15:41:18:6,-33.05,0.36,-33.05,46.74
15:41:18:6,-32.57,1.16,-32.27,45.86
15:41:18:7,-33.02,0.60,-31.94,45.94
15:41:18:7,-33.94,-0.55,-31.27,46.15
15:41:18:7,-33.13,-0.55,-31.07,45.42
15:41:18:7,-32.57,-0.55,-30.93,44.92
15:41:18:7,-32.42,-0.70,-31.93,45.51
15:41:18:7,-32.43,-0.71,-32.05,45.60
15:41:18:7,-33.42,-0.38,-30.43,45.20
15:41:18:8,-33.57,-0.83,-30.96,45.68
15:41:18:8,-33.94,-1.92,-32.27,46.87
15:41:18:8,-33.18,0.16,-32.46,46.42
15:41:18:8,-32.57,1.85,-32.61,46.12
15:41:18:8,-33.13,-0.10,-32.88,46.67
15:41:18:8,-33.25,-0.55,-32.94,46.81
15:41:18:9,-33.08,0.65,-31.77,45.87
15:41:18:9,-33.26,0.91,-32.19,46.29
15:41:18:9,-33.77,1.67,-33.44,47.55
15:41:18:9,-33.59,0.27,-32.93,47.04
15:41:18:9,-33.42,-1.06,-32.44,46.59
15:41:18:9,-33.16,-0.01,-32.70,46.57
15:41:18:9,-33.08,0.31,-32.77,46.57
15:41:19:0,-32.91,0.48,-31.94,45.86
15:41:19:0,-32.88,0.15,-32.11,45.96
15:41:19:0,-32.74,-1.06,-32.77,46.34
15:41:19:0,-32.66,-0.01,-32.54,46.10
15:41:19:0,-32.57,1.16,-32.27,45.86
15:41:19:0,-31.94,0.78,-32.39,45.50
15:41:19:1,-31.71,0.65,-32.44,45.37
15:41:19:1,-32.39,0.99,-31.44,45.15
15:41:19:1,-32.66,1.08,-31.58,45.44
15:41:19:1,-33.94,1.50,-32.27,46.85
15:41:19:1,-33.64,0.91,-32.41,46.73
15:41:19:2,-33.25,0.13,-32.61,46.57
15:41:19:2,-33.96,-0.34,-32.61,47.08
15:41:19:2,-34.28,-0.55,-32.61,47.31
15:41:19:2,-33.46,1.24,-32.13,46.41
15:41:19:2,-33.45,1.22,-32.12,46.39
15:41:19:2,-33.59,0.48,-32.27,46.59
15:41:19:3,-32.86,0.54,-32.73,46.38
15:41:19:3,-31.71,0.65,-33.44,46.09
15:41:19:3,-32.94,0.98,-33.55,47.03
15:41:19:3,-33.59,1.16,-33.61,47.54
15:41:19:4,-33.44,-0.86,-32.54,46.67
15:41:19:4,-33.44,-0.93,-32.48,46.63
15:41:19:4,-33.59,0.48,-32.94,47.05
15:41:19:4,-33.83,0.24,-32.82,47.14
15:41:19:4,-34.28,-0.21,-32.61,47.31
15:41:19:4,-34.07,0.42,-32.81,47.30
15:41:19:4,-33.94,0.82,-32.94,47.30
15:41:19:4,-33.34,-0.37,-31.78,46.06
15:41:19:5,-33.25,-0.60,-31.66,45.92
15:41:19:5,-33.25,-1.58,-32.94,46.83
15:41:19:5,-33.09,-0.89,-32.99,46.74
15:41:19:5,-32.74,0.65,-33.11,46.57
15:41:19:5,-34.10,0.06,-32.35,47.00
15:41:19:5,-35.13,-0.38,-31.77,47.37
15:41:19:6,-33.30,0.04,-31.63,45.92
15:41:19:6,-32.92,0.14,-31.61,45.63
15:41:19:6,-33.77,0.99,-32.44,46.83
15:41:19:6,-33.63,0.76,-32.04,46.45
15:41:19:6,-33.25,0.13,-30.93,45.41
15:41:19:6,-32.62,0.04,-31.20,45.14
15:41:19:7,-32.05,-0.04,-31.43,44.89
15:41:19:7,-33.13,0.50,-31.43,45.67
15:41:19:7,-33.42,0.65,-31.43,45.89
15:41:19:7,-32.57,-0.89,-31.94,45.62
15:41:19:7,-32.68,-0.70,-32.13,45.83
15:41:19:7,-33.08,-0.04,-32.77,46.57
15:41:19:8,-33.41,-0.04,-33.10,47.03
15:41:19:8,-33.77,-0.04,-33.44,47.53
15:41:19:8,-33.64,0.09,-31.82,46.30
15:41:19:8,-33.59,0.13,-31.27,45.89
15:41:19:9,-32.74,-1.06,-33.11,46.57
15:41:19:9,-32.74,-1.06,-33.11,46.57
15:41:19:9,-33.58,0.79,-31.62,46.13
15:41:19:9,-33.48,0.52,-31.94,46.27
15:41:19:9,-32.74,-1.41,-34.11,47.30
15:41:19:9,-32.53,-0.78,-33.64,46.80
15:41:19:9,-32.23,0.13,-32.94,46.08
15:41:19:9,-32.23,0.60,-32.48,45.76
15:41:20:0,-32.23,0.82,-32.27,45.61
15:41:20:0,-32.88,-0.16,-31.31,45.40
15:41:20:0,-33.05,-0.22,-31.31,45.53
15:41:20:0,-34.45,-0.38,-31.77,46.86
15:41:20:0,-33.83,-0.25,-31.89,46.49
15:41:20:0,-32.74,-0.04,-32.10,45.85
15:41:20:1,-33.94,-0.36,-31.57,46.35
15:41:20:1,-34.62,-0.55,-31.27,46.65
15:41:20:1,-33.84,-2.27,-31.42,46.23
15:41:20:1,-33.76,-2.34,-31.52,46.25
15:41:20:1,-33.59,-0.55,-33.28,47.29
15:41:20:2,-33.43,-0.39,-32.79,46.83
15:41:20:2,-33.08,-0.04,-31.77,45.87
15:41:20:2,-33.80,0.06,-31.67,46.31
15:41:20:2,-34.28,0.13,-31.60,46.62
15:41:20:2,-33.09,-1.05,-31.60,45.77
15:41:20:2,-32.91,-1.23,-31.60,45.64
15:41:20:2,-33.59,0.13,-31.27,45.89
15:41:20:3,-33.74,-0.39,-31.50,46.16
15:41:20:3,-34.11,-1.75,-32.10,46.87
15:41:20:3,-33.35,-1.37,-31.36,45.80
15:41:20:3,-32.74,-1.06,-30.76,44.94
15:41:20:3,-30.91,0.21,-30.62,43.51
15:41:20:3,-30.51,0.48,-30.60,43.21
15:41:20:4,-33.08,-1.75,-31.77,45.90
15:41:20:4,-33.04,-1.39,-31.88,45.94
15:41:20:4,-32.91,-0.21,-32.27,46.09
15:41:20:4,-33.43,-0.55,-32.95,46.94
15:41:20:4,-33.94,-0.89,-33.61,47.77
15:41:20:4,-33.54,-0.49,-32.43,46.66
15:41:20:5,-33.42,-0.38,-32.10,46.34
15:41:20:5,-33.94,-1.23,-33.28,47.55
15:41:20:5,-33.94,-1.04,-33.28,47.54
15:41:20:5,-33.94,-0.21,-33.28,47.53
15:41:20:5,-33.70,-0.61,-32.58,46.87
15:41:20:5,-33.42,-1.06,-31.77,46.12
15:41:20:6,-33.42,-0.56,-32.01,46.29
15:41:20:6,-33.42,-0.38,-32.10,46.34
15:41:20:6,-32.23,-0.89,-32.61,45.85
15:41:20:6,-32.40,-0.87,-32.43,45.85
15:41:20:6,-33.42,-0.72,-31.43,45.89
15:41:20:6,-32.85,-0.72,-31.72,45.66
15:41:20:7,-32.05,-0.72,-32.10,45.37
15:41:20:7,-32.41,-0.36,-32.22,45.70
15:41:20:7,-32.57,-0.21,-32.27,45.85
15:41:20:7,-31.74,-0.37,-31.14,44.46
15:41:20:7,-31.91,-0.40,-31.15,44.60
15:41:20:8,-33.59,-0.55,-31.60,46.12
15:41:20:8,-32.95,-0.81,-32.11,46.01
15:41:20:8,-31.88,-1.23,-32.94,45.86
15:41:20:8,-32.33,-1.23,-32.29,45.71
15:41:20:8,-32.57,-1.23,-31.94,45.63
15:41:20:8,-33.52,-0.60,-31.32,45.87
15:41:20:9,-33.58,-0.54,-31.34,45.94
15:41:20:9,-33.42,-0.38,-32.44,46.58
15:41:20:9,-33.54,-0.27,-32.10,46.43
15:41:20:9,-33.77,-0.04,-31.43,46.13
15:41:20:9,-33.35,-1.08,-31.23,45.70
15:41:20:9,-33.08,-1.75,-31.10,45.44
15:41:20:9,-33.53,-0.39,-31.84,46.24
15:41:21:0,-33.59,-0.20,-31.93,46.35
15:41:21:0,-33.42,0.31,-31.77,46.11
15:41:21:0,-33.37,-0.04,-31.62,45.98
15:41:21:0,-33.25,-0.89,-31.27,45.65
15:41:21:0,-33.25,-1.08,-31.45,45.78
15:41:21:0,-33.25,-1.23,-31.60,45.89
15:41:21:1,-34.54,-1.66,-30.62,46.19
15:41:21:1,-34.79,-1.75,-30.43,46.25
15:41:21:1,-33.42,-2.77,-32.44,46.66
15:41:21:1,-33.59,-2.69,-32.19,46.60
15:41:21:1,-34.11,-2.43,-31.43,46.45
15:41:21:1,-34.38,-2.70,-30.82,46.25
15:41:21:2,-34.62,-2.94,-30.26,46.08
15:41:21:2,-34.21,-4.44,-29.33,45.28
15:41:21:2,-34.11,-4.83,-29.09,45.09
15:41:21:2,-34.79,-4.83,-30.43,46.47
15:41:21:2,-35.03,-5.21,-30.46,46.72
15:41:21:3,-35.99,-6.71,-30.60,47.71
15:41:21:3,-35.58,-6.95,-28.92,46.37
15:41:21:3,-35.13,-7.22,-27.08,44.94
15:41:21:3,-36.29,-7.61,-26.70,45.69
15:41:21:3,-36.67,-7.74,-26.57,45.95
15:41:21:3,-35.82,-9.96,-26.41,45.60
15:41:21:4,-35.79,-9.99,-26.32,45.54
15:41:21:4,-35.65,-10.13,-25.90,45.21
15:41:21:4,-35.13,-11.24,-25.25,44.70
15:41:21:4,-34.45,-12.70,-24.39,44.08
15:41:21:4,-35.06,-14.51,-22.85,44.29
15:41:21:4,-35.31,-15.26,-22.22,44.42
15:41:21:4,-35.64,-16.27,-21.89,44.88
15:41:21:5,-35.57,-16.45,-21.88,44.88
15:41:21:5,-34.96,-17.66,-21.88,44.87
15:41:21:5,-34.90,-18.93,-21.29,45.05
15:41:21:5,-34.79,-20.91,-20.37,45.42
15:41:21:5,-34.79,-22.05,-19.93,45.76
15:41:21:5,-34.79,-22.62,-19.70,45.94
15:41:21:6,-34.63,-23.75,-18.29,45.80
15:41:21:6,-34.74,-24.04,-18.23,46.01
15:41:21:6,-36.16,-26.73,-18.70,48.70
15:41:21:6,-35.57,-27.56,-18.70,48.72
15:41:21:6,-34.45,-29.12,-18.70,48.83
15:41:21:7,-34.34,-29.65,-17.55,48.65
15:41:21:7,-34.28,-29.98,-16.85,48.56
15:41:21:7,-33.51,-31.97,-15.50,48.84
15:41:21:7,-33.38,-32.22,-15.37,48.87
15:41:21:7,-31.88,-32.71,-16.18,48.46
15:41:21:7,-31.73,-33.70,-16.13,49.02
15:41:21:8,-31.37,-35.97,-16.02,50.34
15:41:21:8,-32.36,-35.57,-15.05,50.39
15:41:21:8,-33.08,-35.28,-14.34,50.45
15:41:21:8,-31.77,-37.47,-14.77,51.30
15:41:21:8,-31.54,-37.85,-14.84,51.46
15:41:21:8,-32.74,-39.73,-14.34,53.44
15:41:21:9,-32.56,-39.38,-14.69,53.16
15:41:21:9,-31.94,-38.64,-15.41,52.44
15:41:21:9,-31.60,-39.43,-14.63,52.60
15:41:21:9,-31.54,-39.56,-14.50,52.63
15:41:21:9,-31.37,-40.41,-13.00,52.79
15:41:21:9,-31.28,-40.78,-14.07,53.28
15:41:22:0,-31.03,-41.78,-17.02,54.76
15:41:22:0,-31.21,-41.96,-16.67,54.89
15:41:22:0,-31.37,-42.12,-16.35,55.01
15:41:22:0,-31.10,-42.40,-17.40,55.39
15:41:22:0,-31.03,-42.47,-17.69,55.49
15:41:22:0,-31.54,-41.27,-19.54,55.50
15:41:22:1,-31.43,-41.62,-19.87,55.81
15:41:22:1,-31.03,-42.81,-21.04,56.91
15:41:22:1,-30.53,-42.98,-21.86,57.07
15:41:22:1,-30.00,-43.15,-22.72,57.26
15:41:22:1,-28.86,-42.52,-25.34,57.29
15:41:22:1,-28.46,-42.30,-26.24,57.34
15:41:22:2,-30.34,-42.12,-29.76,59.84
15:41:22:2,-30.03,-42.25,-30.25,60.02
15:41:22:2,-28.63,-42.81,-32.44,60.87
15:41:22:2,-28.18,-42.96,-33.03,61.08
15:41:22:2,-27.61,-43.15,-33.78,61.36
15:41:22:2,-27.37,-43.88,-34.01,61.90
15:41:22:3,-27.26,-44.18,-34.11,62.12
15:41:22:3,-26.44,-44.35,-34.28,61.97
15:41:22:3,-26.56,-44.50,-34.33,62.16
15:41:22:3,-27.44,-45.38,-34.62,63.33
15:41:22:3,-27.02,-44.41,-35.43,62.91
15:41:22:3,-26.41,-42.98,-36.63,62.34
15:41:22:4,-26.52,-44.46,-36.96,63.61
15:41:22:4,-26.58,-45.21,-37.13,64.25
15:41:22:4,-27.53,-43.62,-36.82,63.38
15:41:22:4,-27.54,-43.53,-36.86,63.34
15:41:22:4,-26.92,-43.84,-37.47,63.64
15:41:22:4,-26.49,-43.53,-37.28,63.13
15:41:22:5,-25.72,-42.98,-36.96,62.25
15:41:22:5,-25.83,-42.02,-34.97,60.46
15:41:22:5,-25.90,-41.44,-33.78,59.41
15:41:22:5,-25.59,-41.14,-33.18,58.72
15:41:22:5,-25.54,-40.96,-32.84,58.38
15:41:22:5,-25.38,-38.87,-28.92,54.70
15:41:22:6,-25.22,-38.71,-27.89,53.96
15:41:22:6,-24.87,-38.36,-25.74,52.46
15:41:22:6,-24.87,-37.56,-23.97,51.03
15:41:22:6,-24.87,-36.99,-22.72,50.03
15:41:22:6,-23.42,-35.83,-20.73,47.57
15:41:22:7,-23.18,-35.62,-20.36,47.12
15:41:22:7,-23.84,-35.28,-20.04,47.06
15:41:22:7,-23.31,-34.94,-19.32,46.23
15:41:22:7,-21.96,-34.08,-17.52,44.17
15:41:22:7,-22.80,-33.06,-17.07,43.64
15:41:22:7,-23.50,-32.20,-16.69,43.22
15:41:22:7,-22.95,-33.03,-15.88,43.24
15:41:22:8,-22.81,-33.23,-15.68,43.25
15:41:22:8,-22.30,-30.66,-13.84,40.36
15:41:22:8,-22.51,-30.71,-13.63,40.44
15:41:22:8,-23.16,-30.83,-13.00,40.69
15:41:22:8,-23.07,-30.58,-13.08,40.48
15:41:22:8,-22.99,-30.32,-13.17,40.26
15:41:22:9,-24.69,-30.19,-12.01,40.81
15:41:22:9,-25.21,-30.15,-11.66,40.99
15:41:22:9,-26.41,-29.29,-12.16,41.27
15:41:22:9,-26.23,-29.40,-11.99,41.19
15:41:22:9,-25.55,-29.81,-11.32,40.86
15:41:22:9,-26.51,-28.85,-10.70,40.62
15:41:23:0,-27.61,-27.75,-9.98,40.40
15:41:23:0,-28.10,-27.75,-8.76,40.46
15:41:23:0,-28.29,-27.75,-8.31,40.49
15:41:23:0,-29.47,-25.90,-6.49,39.77
15:41:23:0,-29.49,-25.82,-6.52,39.73
15:41:23:1,-29.49,-25.53,-6.80,39.59
15:41:23:1,-30.00,-25.02,-7.73,39.82
15:41:23:1,-30.69,-24.33,-8.98,40.18
15:41:23:1,-30.45,-25.04,-8.29,40.28
15:41:23:1,-30.34,-25.36,-7.97,40.34
15:41:23:1,-30.83,-25.85,-6.54,40.76
15:41:23:2,-30.75,-25.72,-6.48,40.61
15:41:23:2,-30.00,-24.67,-6.63,39.41
15:41:23:2,-30.27,-25.33,-7.28,40.13
15:41:23:2,-30.69,-26.39,-8.31,41.31
15:41:23:2,-31.02,-24.73,-7.12,40.30
15:41:23:2,-31.20,-23.82,-6.46,39.78
15:41:23:2,-30.12,-24.28,-6.31,39.20
15:41:23:3,-30.18,-24.27,-6.38,39.25
15:41:23:3,-32.05,-23.65,-7.30,40.50
15:41:23:3,-31.82,-24.00,-7.30,40.52
15:41:23:3,-31.37,-24.67,-7.30,40.57
15:41:23:3,-31.68,-25.19,-7.61,41.19
15:41:23:4,-31.88,-25.53,-7.80,41.58
15:41:23:4,-31.44,-24.49,-4.76,40.14
15:41:23:4,-31.41,-24.28,-4.37,39.94
15:41:23:4,-32.23,-23.13,-6.13,40.14
15:41:23:4,-31.70,-23.45,-6.84,40.02
15:41:23:4,-30.51,-24.16,-8.47,39.83
15:41:23:4,-31.87,-25.13,-7.15,41.21
15:41:23:5,-32.91,-25.87,-6.13,42.31
15:41:23:5,-31.78,-23.89,-5.57,40.15
15:41:23:5,-31.54,-23.48,-5.45,39.70
15:41:23:5,-31.71,-23.65,-4.29,39.79
15:41:23:5,-31.90,-23.83,-4.64,40.08
15:41:23:6,-32.40,-24.33,-5.63,40.91
15:41:23:6,-31.77,-24.24,-5.71,40.37
15:41:23:6,-31.20,-24.16,-5.79,39.88
15:41:23:6,-31.20,-25.24,-6.06,40.59
15:41:23:6,-31.20,-25.53,-6.13,40.78
15:41:23:6,-30.86,-25.87,-7.80,41.02
15:41:23:7,-30.55,-26.03,-7.73,40.87
15:41:23:7,-29.49,-26.56,-7.47,40.38
15:41:23:7,-28.74,-26.47,-7.71,39.83
15:41:23:7,-27.95,-26.39,-7.97,39.25
15:41:23:7,-27.82,-26.00,-7.85,38.88
15:41:23:7,-27.78,-25.87,-7.80,38.75
15:41:23:8,-27.09,-27.24,-10.15,39.74
15:41:23:8,-27.13,-27.59,-9.99,39.96
15:41:23:8,-27.26,-29.12,-9.31,40.97
15:41:23:8,-27.04,-29.05,-9.39,40.78
15:41:23:8,-26.75,-28.95,-9.48,40.54
15:41:23:8,-26.87,-28.59,-11.26,40.82
15:41:23:8,-26.92,-28.44,-11.99,40.95
15:41:23:9,-26.09,-28.94,-10.86,40.45
15:41:23:9,-26.12,-28.85,-10.97,40.43
15:41:23:9,-26.41,-28.27,-11.83,40.45
15:41:23:9,-25.57,-28.27,-12.51,40.12
15:41:23:9,-24.35,-28.27,-13.50,39.68
15:41:24:0,-24.47,-28.84,-13.17,40.05
15:41:24:0,-24.53,-29.12,-13.00,40.23
15:41:24:0,-23.41,-29.60,-14.40,40.40
15:41:24:0,-23.40,-29.67,-14.76,40.57
15:41:24:0,-24.01,-29.98,-16.85,41.94
15:41:24:0,-23.64,-29.47,-17.10,41.47
15:41:24:1,-22.99,-28.61,-17.52,40.67
15:41:24:1,-23.52,-28.72,-18.47,41.46
15:41:24:1,-23.84,-28.78,-19.03,41.94
15:41:24:1,-22.62,-28.48,-21.72,42.36
15:41:24:1,-22.56,-28.57,-21.92,42.49
15:41:24:1,-23.67,-30.32,-20.21,43.45
15:41:24:2,-23.84,-30.04,-21.69,44.06
15:41:24:2,-24.18,-29.46,-24.73,45.44
15:41:24:2,-23.98,-29.67,-25.91,46.12
15:41:24:2,-23.84,-29.81,-26.74,46.60
15:41:24:2,-24.57,-30.53,-26.88,47.53
15:41:24:3,-24.72,-30.72,-26.95,47.76
15:41:24:3,-25.38,-32.71,-28.58,50.31
15:41:24:3,-25.58,-32.62,-28.87,50.52
15:41:24:3,-26.07,-32.37,-29.59,51.02
15:41:24:3,-26.54,-32.47,-30.97,52.13
15:41:24:3,-26.92,-32.54,-32.10,53.05
15:41:24:3,-26.78,-34.35,-34.14,55.34
15:41:24:3,-26.75,-34.77,-34.62,55.88
15:41:24:4,-28.29,-34.94,-35.46,57.26
15:41:24:4,-28.12,-34.86,-36.45,57.74
15:41:24:4,-27.61,-34.60,-39.48,59.31
15:41:24:4,-27.08,-35.82,-38.96,59.45
15:41:24:4,-26.58,-36.99,-38.47,59.62
15:41:24:5,-27.50,-37.12,-39.63,60.87
15:41:24:5,-27.78,-37.16,-39.98,61.25
15:41:24:5,-27.26,-38.36,-41.49,62.74
15:41:24:5,-27.26,-38.29,-42.05,63.07
15:41:24:5,-27.26,-38.02,-44.17,64.34
15:41:24:5,-28.15,-38.10,-44.25,64.82
15:41:24:6,-29.15,-38.19,-44.34,65.37
15:41:24:6,-27.40,-38.19,-45.07,65.12
15:41:24:6,-26.75,-38.19,-45.34,65.04
15:41:24:6,-26.41,-39.89,-46.34,66.60
15:41:24:6,-26.21,-40.16,-46.54,66.83
15:41:24:6,-25.21,-41.44,-47.52,67.91
15:41:24:7,-26.02,-41.37,-47.74,68.32
15:41:24:7,-27.09,-41.27,-48.02,68.87
15:41:24:7,-27.09,-40.80,-47.79,68.43
15:41:24:7,-27.09,-40.59,-47.69,68.23
15:41:24:7,-25.95,-42.71,-48.49,69.63
15:41:24:7,-25.85,-42.86,-48.22,69.50
15:41:24:8,-25.55,-43.15,-46.18,68.17
15:41:24:8,-26.50,-42.88,-45.52,67.92
15:41:24:8,-27.95,-42.47,-44.50,67.57
15:41:24:8,-27.28,-42.47,-44.94,67.58
15:41:24:8,-26.92,-42.47,-45.18,67.60
15:41:24:8,-27.24,-41.53,-40.88,64.32
15:41:24:9,-27.33,-41.44,-40.61,64.14
15:41:24:9,-27.95,-41.44,-41.82,65.17
15:41:24:9,-28.31,-41.44,-40.51,64.50
15:41:24:9,-28.97,-41.44,-38.14,63.33
15:41:24:9,-28.03,-39.86,-36.79,61.06
15:41:24:9,-27.44,-38.87,-35.96,59.64
15:41:25:0,-29.09,-38.73,-32.57,58.37
15:41:25:0,-29.27,-38.71,-32.02,58.14
15:41:25:0,-28.46,-38.87,-30.60,57.07
15:41:25:0,-28.35,-38.66,-29.64,56.36
15:41:25:0,-28.12,-38.19,-27.58,54.86
15:41:25:0,-28.61,-37.89,-26.51,54.38
15:41:25:1,-28.97,-37.68,-25.74,54.05
15:41:25:1,-27.83,-36.53,-24.05,51.84
15:41:25:1,-27.63,-36.30,-23.69,51.40
15:41:25:1,-28.80,-35.80,-21.88,50.89
15:41:25:1,-28.04,-36.08,-21.22,50.39
15:41:25:1,-26.07,-36.82,-19.54,49.16
15:41:25:2,-26.62,-36.27,-18.45,48.62
15:41:25:2,-27.09,-35.80,-17.52,48.19
15:41:25:2,-26.68,-34.01,-17.12,46.50
15:41:25:2,-26.58,-33.57,-17.02,46.08
15:41:25:2,-28.46,-33.40,-15.18,46.43
15:41:25:3,-28.63,-33.15,-14.61,46.18
15:41:25:3,-29.15,-32.37,-12.83,45.41
15:41:25:3,-29.23,-32.63,-13.59,45.87
15:41:25:3,-29.32,-32.89,-14.34,46.33
15:41:25:3,-30.75,-31.97,-13.70,46.43
15:41:25:3,-31.20,-31.69,-13.50,46.47
15:41:25:4,-30.34,-31.52,-13.00,45.64
15:41:25:4,-30.72,-31.00,-13.03,45.55
15:41:25:4,-32.23,-28.95,-13.17,45.28
15:41:25:4,-32.62,-28.08,-13.86,45.22
15:41:25:4,-33.08,-27.07,-14.68,45.19
15:41:25:4,-33.70,-25.96,-14.07,44.80
15:41:25:4,-33.94,-25.53,-13.84,44.67
15:41:25:5,-35.28,-23.85,-16.48,45.66
15:41:25:5,-35.45,-23.51,-16.11,45.48
15:41:25:5,-36.16,-21.94,-14.00,44.55
15:41:25:5,-36.23,-20.99,-14.36,44.27
15:41:25:5,-36.33,-19.71,-14.84,43.92
15:41:25:5,-37.97,-18.07,-15.07,44.67
15:41:25:6,-38.73,-17.32,-15.18,45.06
15:41:25:6,-38.40,-15.70,-15.81,44.40
15:41:25:6,-38.54,-15.50,-15.95,44.49
15:41:25:6,-39.58,-14.75,-16.69,45.42
15:41:25:6,-39.39,-13.50,-17.66,45.22
15:41:25:6,-39.07,-11.50,-19.20,45.03
15:41:25:7,-38.63,-11.28,-18.77,44.40
15:41:25:7,-38.39,-11.16,-18.53,44.06
15:41:25:7,-39.01,-10.54,-20.36,45.24
15:41:25:7,-39.10,-10.42,-20.60,45.41
15:41:25:7,-39.41,-9.79,-21.21,45.82
15:41:25:8,-38.94,-9.08,-22.49,45.87
15:41:25:8,-38.04,-7.74,-24.90,46.12
15:41:25:8,-38.15,-7.84,-24.39,45.95
15:41:25:8,-38.21,-7.91,-24.06,45.84
15:41:25:8,-38.36,-6.27,-24.21,45.79
15:41:25:8,-38.35,-5.99,-24.28,45.78
15:41:25:9,-37.70,-5.34,-25.23,45.68
15:41:25:9,-37.28,-5.13,-25.75,45.60
15:41:25:9,-36.33,-4.66,-26.91,45.45
15:41:25:9,-36.82,-4.36,-27.19,45.98
15:41:25:9,-37.19,-4.14,-27.41,46.38
15:41:25:9,-35.06,-4.29,-28.38,45.31
15:41:26:0,-34.64,-4.30,-28.58,45.11
15:41:26:0,-37.02,-2.94,-27.91,46.46
15:41:26:0,-36.51,-3.18,-28.05,46.15
15:41:26:0,-35.13,-3.80,-28.42,45.35
15:41:26:0,-35.50,-3.44,-28.95,45.93
15:41:26:0,-35.82,-3.12,-29.42,46.46
15:41:26:0,-35.28,-2.85,-28.89,45.69
15:41:26:1,-35.13,-2.77,-28.75,45.48
15:41:26:1,-36.67,-1.58,-28.92,46.73
15:41:26:1,-36.28,-1.34,-28.92,46.42
15:41:26:1,-34.96,-0.55,-28.92,45.38
15:41:26:1,-35.13,-0.04,-28.59,45.29
15:41:26:2,-35.31,0.48,-28.25,45.22
15:41:26:2,-36.85,-0.56,-28.75,46.75
15:41:26:2,-37.36,-0.89,-28.92,47.25
15:41:26:2,-34.96,-0.55,-28.92,45.38
15:41:26:2,-35.23,-0.35,-28.79,45.50
15:41:26:2,-36.33,0.48,-28.25,46.02
15:41:26:3,-35.87,0.17,-28.40,45.75
15:41:26:3,-35.31,-0.21,-28.58,45.43
15:41:26:3,-36.04,-1.43,-28.82,46.17
15:41:26:3,-36.33,-1.92,-28.92,46.48
15:41:26:3,-36.50,-0.42,-26.80,45.28
15:41:26:3,-36.50,-0.38,-26.84,45.31
15:41:26:4,-36.50,-0.38,-27.41,45.65
15:41:26:4,-36.65,-0.66,-27.69,45.93
15:41:26:4,-36.85,-1.06,-28.08,46.34
15:41:26:4,-37.19,-2.10,-28.19,46.72
15:41:26:4,-37.36,-2.60,-28.25,46.91
15:41:26:4,-36.72,-1.96,-28.88,46.76
15:41:26:5,-36.67,-1.96,-28.80,46.67
15:41:26:5,-36.67,-2.26,-27.91,46.14
15:41:26:5,-36.74,-1.94,-28.10,46.30
15:41:26:5,-36.85,-1.41,-28.42,46.55
15:41:26:5,-35.98,-1.41,-27.78,45.47
15:41:26:5,-35.48,-1.41,-27.41,44.85
15:41:26:5,-37.17,-0.94,-27.56,46.28
15:41:26:6,-37.23,-0.94,-27.55,46.32
15:41:26:6,-35.65,-1.58,-27.24,44.89
15:41:26:6,-35.94,-1.29,-27.30,45.15
15:41:26:6,-36.50,-0.72,-27.41,45.66
15:41:26:6,-36.91,-0.72,-27.61,46.10
15:41:26:7,-37.19,-0.72,-27.75,46.40
15:41:26:7,-36.01,-2.48,-27.75,45.53
15:41:26:7,-35.86,-2.70,-27.78,45.44
15:41:26:7,-37.02,-0.89,-28.58,46.78
15:41:26:7,-36.56,-1.05,-28.53,46.39
15:41:26:7,-35.48,-1.41,-28.42,45.48
15:41:26:8,-36.34,-1.50,-28.32,46.09
15:41:26:8,-37.02,-1.58,-28.25,46.59
15:41:26:8,-37.44,-0.04,-28.39,46.98
15:41:26:8,-37.53,0.31,-28.42,47.07
15:41:26:8,-37.36,-1.23,-27.91,46.65
15:41:26:8,-37.01,-1.06,-27.48,46.11
15:41:26:9,-35.99,-0.55,-26.24,44.54
15:41:26:9,-36.43,-0.82,-27.37,45.57
15:41:26:9,-36.85,-1.06,-28.42,46.54
15:41:26:9,-36.98,-0.93,-27.50,46.09
15:41:26:9,-37.02,-0.89,-27.24,45.97
15:41:26:9,-35.99,-0.89,-27.24,45.15
15:41:27:0,-36.29,-1.19,-27.39,45.48
15:41:27:0,-37.36,-2.26,-27.91,46.69
15:41:27:0,-36.62,-2.34,-27.51,45.86
15:41:27:0,-35.82,-2.43,-27.08,44.97
15:41:27:0,-36.20,-0.28,-26.70,44.98
15:41:27:0,-36.33,0.48,-26.57,45.01
15:41:27:1,-35.99,-1.23,-27.24,45.15
15:41:27:1,-36.27,-1.08,-27.45,45.50
15:41:27:1,-37.53,-0.38,-28.42,47.08
15:41:27:1,-37.53,-0.98,-28.86,47.35
15:41:27:1,-37.53,-1.75,-29.42,47.72
15:41:27:1,-36.09,-1.03,-28.48,45.99
15:41:27:2,-35.48,-0.72,-28.08,45.25
15:41:27:2,-36.63,-0.23,-27.60,45.86
15:41:27:2,-36.67,-0.50,-27.67,45.95
15:41:27:2,-36.67,-2.26,-28.25,46.35
15:41:27:2,-36.61,-1.64,-28.18,46.23
15:41:27:2,-36.50,-0.72,-28.08,46.06
15:41:27:3,-36.05,-0.72,-27.86,45.57
15:41:27:3,-35.82,-0.72,-27.75,45.31
15:41:27:3,-36.92,-0.56,-27.59,46.10
15:41:27:3,-36.93,-0.53,-27.70,46.17
15:41:27:3,-36.16,-0.38,-28.75,46.20
15:41:27:3,-36.35,-0.32,-28.20,46.01
15:41:27:4,-36.67,-0.21,-27.24,45.69
15:41:27:4,-36.78,-0.53,-27.56,45.96
15:41:27:4,-36.85,-0.72,-27.75,46.13
15:41:27:4,-36.09,-0.87,-28.19,45.80
15:41:27:4,-36.04,-0.95,-28.26,45.81
15:41:27:5,-36.85,-1.75,-28.42,46.56
15:41:27:5,-36.35,-1.25,-28.80,46.39
15:41:27:5,-35.31,-0.21,-29.59,46.07
15:41:27:5,-35.71,-0.61,-28.22,45.51
15:41:27:5,-35.99,-0.89,-27.24,45.15
15:41:27:5,-34.83,-0.02,-27.81,44.57
15:41:27:6,-34.64,0.14,-27.94,44.50
15:41:27:6,-35.31,0.48,-28.92,45.64
15:41:27:6,-35.55,0.23,-28.58,45.62
15:41:27:6,-36.16,-0.38,-27.75,45.58
15:41:27:6,-37.38,0.65,-28.20,46.83
15:41:27:6,-38.39,1.50,-28.58,47.88
15:41:27:6,-38.11,1.50,-28.04,47.34
15:41:27:7,-38.04,1.50,-27.91,47.21
15:41:27:7,-36.85,0.65,-28.08,46.33
15:41:27:7,-36.93,0.48,-28.25,46.50
15:41:27:7,-37.19,-0.04,-28.75,47.01
15:41:27:7,-36.06,0.74,-28.33,45.86
15:41:27:7,-34.96,1.50,-27.91,44.76
15:41:27:8,-34.96,1.24,-27.91,44.76
15:41:27:8,-34.96,1.16,-27.91,44.75
15:41:27:8,-35.31,0.82,-28.58,45.43
15:41:27:8,-35.70,0.93,-28.48,45.68
15:41:27:8,-37.19,1.33,-28.08,46.62
15:41:27:8,-36.71,1.33,-28.40,46.43
15:41:27:9,-36.16,1.33,-28.75,46.22
15:41:27:9,-36.41,0.83,-29.73,47.02
15:41:27:9,-36.50,0.65,-30.09,47.31
15:41:27:9,-35.15,1.66,-29.10,45.66
15:41:27:9,-35.28,1.35,-28.89,45.62
15:41:28:0,-35.99,-0.21,-27.91,45.55
15:41:28:0,-36.06,0.45,-28.56,46.01
15:41:28:0,-36.16,1.33,-29.42,46.64
15:41:28:0,-36.75,1.69,-29.54,47.18
15:41:28:0,-37.02,1.85,-29.59,47.43
15:41:28:0,-37.18,1.03,-28.47,46.84
15:41:28:1,-37.03,1.06,-28.70,46.86
15:41:28:1,-35.99,1.50,-30.60,47.26
15:41:28:1,-36.06,1.70,-30.00,46.94
15:41:28:1,-36.16,2.02,-29.09,46.45
15:41:28:1,-35.15,2.13,-29.42,45.89
15:41:28:1,-34.62,2.19,-29.59,45.60
15:41:28:1,-35.40,1.09,-30.05,46.45
15:41:28:2,-35.57,0.93,-30.15,46.64
15:41:28:2,-36.50,0.31,-30.76,47.74
15:41:28:2,-36.50,1.27,-31.00,47.91
15:41:28:2,-36.50,3.04,-31.43,48.27
15:41:28:2,-36.08,1.99,-29.58,46.70
15:41:28:2,-35.82,1.33,-28.42,45.74
15:41:28:3,-35.52,2.23,-29.00,45.91
15:41:28:3,-35.46,2.41,-29.10,45.94
15:41:28:3,-35.13,3.39,-29.42,45.95
15:41:28:3,-35.03,2.95,-29.32,45.77
15:41:28:3,-34.79,2.02,-29.09,45.39
15:41:28:4,-35.09,2.51,-29.76,46.08
15:41:28:4,-35.31,2.87,-30.26,46.59
15:41:28:4,-35.74,1.87,-29.84,46.59
15:41:28:4,-35.81,1.70,-29.74,46.58
15:41:28:4,-35.48,3.04,-28.42,45.56
15:41:28:4,-35.62,2.90,-28.83,45.92
15:41:28:5,-35.99,2.53,-29.93,46.87
15:41:28:5,-35.44,2.16,-29.21,45.97
15:41:28:5,-34.96,1.85,-28.58,45.20
15:41:28:5,-35.37,2.80,-29.25,45.99
15:41:28:5,-35.48,3.04,-29.42,46.19
15:41:28:5,-35.31,2.19,-28.92,45.69
15:41:28:6,-35.83,1.99,-28.88,46.06
15:41:28:6,-37.53,1.33,-28.75,47.30
15:41:28:6,-36.59,1.59,-29.00,46.72
15:41:28:6,-35.65,1.85,-29.25,46.15
15:41:28:6,-35.52,1.46,-28.36,45.48
15:41:28:6,-35.48,1.33,-28.08,45.27
15:41:28:7,-35.65,1.16,-30.26,46.77
15:41:28:7,-35.92,0.75,-29.99,46.80
15:41:28:7,-37.02,-0.89,-28.92,46.98
15:41:28:7,-36.78,-1.75,-28.38,46.49
15:41:28:7,-36.50,-2.77,-27.75,45.94
15:41:28:7,-35.89,-3.88,-25.94,44.45
15:41:28:7,-35.65,-4.31,-25.23,43.89
15:41:28:8,-37.16,-7.84,-25.07,45.50
15:41:28:8,-37.35,-8.18,-24.85,45.60
15:41:28:8,-38.21,-9.62,-23.72,46.00
15:41:28:8,-38.29,-11.13,-22.67,45.86
15:41:28:8,-38.39,-13.21,-21.21,45.80
15:41:28:9,-37.69,-14.14,-22.12,45.93
15:41:28:9,-37.36,-14.58,-22.55,46.01
15:41:28:9,-36.07,-18.77,-19.71,45.19
15:41:28:9,-35.95,-19.15,-19.54,45.17
15:41:28:9,-35.65,-20.05,-19.54,45.33
15:41:28:9,-35.19,-20.90,-19.21,45.22
15:41:29:0,-34.45,-22.28,-18.70,45.08
15:41:29:0,-34.01,-23.60,-19.99,45.97
15:41:29:0,-33.77,-24.33,-20.71,46.49
15:41:29:0,-32.99,-28.50,-18.44,47.34
15:41:29:0,-32.91,-29.06,-18.17,47.52
15:41:29:0,-32.91,-30.32,-17.86,48.18
15:41:29:1,-33.32,-30.85,-16.65,48.37
15:41:29:1,-34.11,-31.86,-14.34,48.83
15:41:29:1,-33.38,-33.83,-13.63,49.44
15:41:29:1,-32.91,-35.11,-13.17,49.89
15:41:29:1,-32.76,-37.62,-14.18,51.86
15:41:29:1,-32.67,-37.95,-14.35,52.09
15:41:29:2,-31.20,-36.48,-14.51,50.15
15:41:29:2,-30.99,-36.90,-14.00,50.18
15:41:29:2,-30.51,-37.85,-12.83,50.28
15:41:29:2,-31.29,-39.98,-12.64,52.32
15:41:29:2,-31.88,-41.61,-12.50,53.89
15:41:29:2,-30.61,-42.04,-12.63,53.51
15:41:29:3,-30.35,-42.13,-12.67,53.45
15:41:29:3,-31.03,-43.15,-13.67,54.88
15:41:29:3,-31.07,-43.38,-13.54,55.05
15:41:29:3,-31.20,-44.01,-13.17,55.53
15:41:29:3,-30.48,-44.55,-13.17,55.56
15:41:29:3,-29.83,-45.03,-13.17,55.60
15:41:29:4,-30.51,-44.90,-12.24,55.65
15:41:29:4,-30.69,-44.86,-11.99,55.66
15:41:29:4,-30.34,-44.52,-12.33,55.27
15:41:29:4,-30.77,-44.25,-12.44,55.32
15:41:29:4,-32.23,-43.32,-12.83,55.50
15:41:29:4,-32.06,-43.66,-12.83,55.66
15:41:29:5,-31.88,-44.01,-12.83,55.84
15:41:29:5,-32.40,-42.98,-13.84,55.57
15:41:29:5,-32.57,-42.64,-14.17,55.49
15:41:29:5,-33.77,-42.12,-13.67,55.69
15:41:29:5,-33.57,-42.32,-14.24,55.86
15:41:29:5,-32.74,-43.15,-16.69,56.68
15:41:29:6,-33.20,-43.00,-17.74,57.15
15:41:29:6,-33.77,-42.81,-19.03,57.75
15:41:29:6,-33.40,-41.47,-19.63,56.75
15:41:29:6,-33.25,-40.93,-19.87,56.35
15:41:29:6,-32.26,-40.93,-19.22,55.54
15:41:29:6,-32.38,-40.72,-19.45,55.54
15:41:29:7,-33.25,-39.56,-20.88,55.73
15:41:29:7,-32.83,-39.84,-21.15,55.79
15:41:29:7,-32.23,-40.24,-21.55,55.88
15:41:29:7,-31.88,-40.13,-21.66,55.64
15:41:29:7,-31.71,-40.07,-21.71,55.52
15:41:29:7,-32.99,-39.12,-22.02,55.71
15:41:29:8,-32.88,-38.99,-21.92,55.51
15:41:29:8,-31.20,-38.53,-20.88,53.80
15:41:29:8,-31.58,-38.03,-20.38,53.47
15:41:29:8,-32.23,-37.16,-19.54,52.93
15:41:29:8,-31.25,-37.49,-18.16,52.08
15:41:29:8,-30.69,-37.68,-17.36,51.60
15:41:29:9,-32.06,-36.61,-16.91,51.52
15:41:29:9,-32.19,-36.32,-16.53,51.27
15:41:29:9,-31.71,-34.25,-12.33,48.28
15:41:29:9,-30.97,-34.77,-11.94,48.07
15:41:29:9,-29.49,-35.80,-11.16,47.70
15:41:29:9,-29.49,-34.58,-9.96,46.52
15:41:30:0,-29.49,-33.74,-9.14,45.73
15:41:30:0,-28.90,-33.45,-8.00,44.93
15:41:30:0,-28.80,-33.36,-7.73,44.74
15:41:30:0,-28.63,-32.20,-5.63,43.46
15:41:30:0,-28.49,-31.86,-5.19,43.05
15:41:30:0,-28.12,-31.00,-4.12,42.06
15:41:30:1,-27.93,-30.82,-3.56,41.74
15:41:30:1,-27.78,-30.66,-3.11,41.49
15:41:30:1,-28.06,-30.66,-3.66,41.72
15:41:30:1,-28.12,-30.66,-3.78,41.78
15:41:30:1,-27.44,-29.64,-2.78,40.48
15:41:30:2,-27.57,-29.59,-1.97,40.49
15:41:30:2,-27.95,-29.46,0.41,40.61
15:41:30:2,-28.21,-28.85,1.36,40.37
15:41:30:2,-28.46,-28.27,2.25,40.18
15:41:30:2,-28.33,-27.60,3.42,39.70
15:41:30:2,-28.29,-27.41,3.76,39.57
15:41:30:3,-27.78,-27.93,4.60,39.65
15:41:30:3,-27.70,-27.93,4.60,39.60
15:41:30:3,-27.44,-27.93,4.60,39.42
15:41:30:3,-28.91,-26.95,4.92,39.82
15:41:30:3,-30.51,-25.87,5.27,40.35
15:41:30:3,-30.77,-25.87,5.51,40.58
15:41:30:3,-30.86,-25.87,5.60,40.65
15:41:30:4,-29.49,-25.53,7.94,39.81
15:41:30:4,-29.79,-25.53,7.89,40.02
15:41:30:4,-31.20,-25.53,7.61,41.03
15:41:30:4,-30.90,-25.23,8.20,40.72
15:41:30:4,-30.51,-24.84,8.95,40.36
15:41:30:4,-31.71,-24.37,8.72,40.93
15:41:30:5,-32.23,-24.16,8.62,41.19
15:41:30:5,-31.41,-24.00,9.75,40.71
15:41:30:5,-31.44,-23.82,10.19,40.74
15:41:30:5,-31.88,-22.79,12.64,41.18
15:41:30:5,-31.88,-22.24,12.10,40.72
15:41:30:5,-31.88,-21.42,11.30,40.04
15:41:30:6,-32.00,-22.67,10.97,40.72
15:41:30:6,-32.05,-23.30,10.80,41.08
15:41:30:6,-32.84,-21.88,12.81,41.49
15:41:30:6,-32.79,-21.89,12.99,41.51
15:41:30:6,-31.71,-22.96,13.14,41.30
15:41:30:7,-31.09,-21.97,13.02,40.24
15:41:30:7,-30.00,-20.23,12.81,38.38
15:41:30:7,-31.28,-21.29,13.23,40.08
15:41:30:7,-32.05,-21.94,13.48,41.11
15:41:30:7,-32.21,-22.09,13.33,41.26
15:41:30:7,-32.29,-22.09,13.31,41.32
15:41:30:8,-33.25,-21.77,13.31,41.91
15:41:30:8,-32.75,-21.93,13.04,41.52
15:41:30:8,-31.71,-22.28,12.47,40.71
15:41:30:8,-31.41,-22.18,12.18,40.34
15:41:30:8,-31.20,-22.11,11.97,40.07
15:41:30:8,-32.21,-21.38,12.68,40.69
15:41:30:9,-32.39,-21.30,12.77,40.81
15:41:30:9,-31.88,-23.13,11.30,40.98
15:41:30:9,-31.49,-23.33,11.78,40.92
15:41:30:9,-30.51,-23.82,12.97,40.83
15:41:30:9,-30.61,-22.98,11.79,40.05
15:41:30:9,-30.69,-22.28,10.80,39.43
15:41:30:9,-31.10,-24.35,10.93,40.99
15:41:31:0,-31.20,-24.84,10.96,41.36
15:41:31:0,-30.17,-25.19,9.62,40.47
15:41:31:0,-30.60,-24.93,9.62,40.63
15:41:31:0,-31.88,-24.16,9.62,41.14
15:41:31:0,-31.28,-24.77,8.86,40.87
15:41:31:1,-30.69,-25.36,8.11,40.63
15:41:31:1,-31.34,-26.54,6.44,41.58
15:41:31:1,-31.54,-26.90,5.94,41.88
15:41:31:1,-29.83,-26.56,6.94,40.54
15:41:31:1,-29.58,-26.74,6.56,40.41
15:41:31:1,-28.63,-27.41,5.10,39.97
15:41:31:2,-29.68,-27.65,4.71,40.84
15:41:31:2,-30.86,-27.93,4.26,41.83
15:41:31:2,-28.85,-27.93,2.05,40.21
15:41:31:2,-28.12,-27.93,1.25,39.65
15:41:31:2,-29.82,-30.98,-0.42,43.00
15:41:31:2,-29.48,-30.83,-0.83,42.66
15:41:31:3,-27.78,-29.98,-2.78,40.96
15:41:31:3,-27.56,-30.94,-3.29,41.56
15:41:31:3,-27.26,-32.20,-3.95,42.38
15:41:31:3,-28.45,-30.54,-5.81,42.14
15:41:31:3,-28.97,-29.81,-6.63,42.09
15:41:31:3,-27.99,-31.77,-9.84,43.47
15:41:31:4,-27.72,-31.72,-10.17,43.33
15:41:31:4,-26.24,-30.83,-11.32,42.04
15:41:31:4,-26.37,-31.38,-12.12,42.74
15:41:31:4,-26.58,-32.20,-13.33,43.83
15:41:31:4,-26.69,-32.77,-14.99,44.84
15:41:31:4,-26.75,-33.06,-15.85,45.38
15:41:31:5,-28.17,-32.90,-19.08,47.33
15:41:31:5,-28.11,-33.04,-19.38,47.51
15:41:31:5,-26.41,-34.43,-19.54,47.58
15:41:31:5,-26.84,-34.37,-21.16,48.47
15:41:31:5,-27.61,-34.25,-24.06,50.14
15:41:31:5,-28.24,-34.47,-25.10,51.14
15:41:31:6,-28.63,-34.60,-25.74,51.76
15:41:31:6,-28.03,-36.41,-24.85,52.24
15:41:31:6,-27.98,-36.56,-24.88,52.33
15:41:31:6,-28.46,-35.11,-27.24,52.77
15:41:31:6,-28.68,-35.44,-27.35,53.17
15:41:31:6,-29.15,-36.14,-27.58,54.00
15:41:31:7,-29.44,-36.24,-27.87,54.38
15:41:31:7,-29.66,-36.31,-28.08,54.65
15:41:31:7,-29.66,-36.89,-28.65,55.32
15:41:31:7,-29.66,-36.98,-28.75,55.44
15:41:31:7,-29.49,-36.48,-28.58,54.93
15:41:31:7,-29.93,-36.63,-28.63,55.29
15:41:31:8,-31.03,-36.99,-28.75,56.19
15:41:31:8,-30.47,-36.99,-27.84,55.42
15:41:31:8,-30.00,-36.99,-27.08,54.79
15:41:31:8,-31.24,-37.96,-28.02,56.59
15:41:31:8,-31.54,-38.19,-28.25,57.02
15:41:31:8,-31.54,-38.53,-27.24,56.76
15:41:31:9,-31.88,-38.12,-27.24,56.67
15:41:31:9,-32.91,-36.82,-27.24,56.40
15:41:31:9,-32.05,-36.30,-26.40,55.15
15:41:31:9,-31.20,-35.80,-25.57,53.93
15:41:31:9,-31.72,-37.37,-25.31,55.17
15:41:31:9,-31.88,-37.85,-25.23,55.55
15:41:32:0,-31.20,-36.14,-22.22,52.66
15:41:32:0,-31.48,-36.35,-21.46,52.66
15:41:32:0,-32.57,-37.16,-18.53,52.78
15:41:32:0,-32.17,-37.72,-17.98,52.74
15:41:32:0,-31.71,-38.36,-17.36,52.71
15:41:32:0,-31.96,-37.36,-15.16,51.45
15:41:32:1,-32.05,-36.99,-14.34,51.00
15:41:32:1,-32.05,-36.32,-14.01,50.42
15:41:32:1,-31.97,-36.62,-13.75,50.52
15:41:32:1,-31.54,-38.19,-12.50,51.08
15:41:32:1,-31.03,-36.94,-12.28,49.78
15:41:32:1,-30.34,-35.28,-11.99,48.06
15:41:32:2,-30.70,-35.16,-11.88,48.17
15:41:32:2,-30.86,-35.11,-11.83,48.22
15:41:32:2,-32.32,-33.97,-13.90,48.91
15:41:32:2,-32.06,-33.71,-14.03,48.59
15:41:32:2,-29.83,-32.37,-14.17,46.25
15:41:32:2,-30.57,-32.57,-14.76,47.05
15:41:32:3,-31.71,-32.89,-15.68,48.30
15:41:32:3,-32.05,-30.33,-14.48,46.44
15:41:32:3,-32.23,-28.95,-13.84,45.48
15:41:32:3,-32.85,-28.33,-17.50,46.78
15:41:32:3,-33.04,-28.11,-17.98,46.96
15:41:32:3,-34.28,-26.56,-19.20,47.42
15:41:32:4,-34.40,-25.23,-18.85,46.64
15:41:32:4,-34.62,-22.79,-18.19,45.27
15:41:32:4,-35.56,-21.01,-18.09,45.10
15:41:32:4,-36.16,-19.88,-18.03,45.03
15:41:32:4,-36.01,-18.54,-19.64,45.01
15:41:32:5,-36.06,-18.29,-19.89,45.06
15:41:32:5,-37.36,-17.32,-20.21,45.87
15:41:32:5,-37.14,-16.03,-20.52,45.36
15:41:32:5,-36.67,-13.21,-21.21,44.38
15:41:32:5,-36.48,-12.62,-22.56,44.71
15:41:32:5,-36.33,-12.18,-23.56,44.98
15:41:32:5,-37.05,-10.33,-24.53,45.62
15:41:32:6,-37.22,-9.94,-24.74,45.78
15:41:32:6,-39.24,-8.59,-25.74,47.71
15:41:32:6,-38.35,-8.08,-25.78,46.91
15:41:32:6,-35.99,-6.71,-25.90,44.85
15:41:32:6,-36.08,-5.34,-26.89,45.31
15:41:32:6,-36.16,-4.14,-27.75,45.77
15:41:32:7,-36.16,-4.14,-27.75,45.77
15:41:32:7,-36.16,-4.14,-27.75,45.77
15:41:32:7,-35.48,-0.72,-27.08,44.63
15:41:32:7,-35.96,-0.72,-27.55,45.30
15:41:32:7,-37.53,-0.72,-29.09,47.49
15:41:32:8,-36.85,-0.04,-28.92,46.85
15:41:32:8,-36.16,0.65,-28.75,46.20
15:41:32:8,-36.68,0.91,-29.01,46.77
15:41:32:8,-36.85,0.99,-29.09,46.95
15:41:32:8,-35.31,1.16,-29.59,46.08
15:41:32:8,-35.47,1.46,-29.49,46.15
15:41:32:9,-36.16,2.70,-29.09,46.49
15:41:32:9,-35.69,2.86,-29.70,46.52
15:41:32:9,-35.13,3.04,-30.43,46.58
15:41:32:9,-34.03,3.17,-30.07,45.52
15:41:32:9,-33.59,3.22,-29.93,45.10
15:41:32:9,-33.93,3.55,-29.93,45.38
15:41:33:0,-33.99,3.56,-29.87,45.39
15:41:33:0,-34.28,3.56,-29.59,45.42
15:41:33:0,-34.07,3.20,-30.64,45.93
15:41:33:0,-33.77,2.70,-32.10,46.67
15:41:33:0,-34.23,2.70,-32.10,47.01
15:41:33:0,-34.45,2.70,-32.10,47.17
15:41:33:0,-34.61,4.47,-31.63,47.10
15:41:33:1,-34.66,4.38,-31.72,47.19
15:41:33:1,-34.96,2.87,-32.61,47.89
15:41:33:1,-34.31,3.26,-32.86,47.62
15:41:33:1,-33.25,3.90,-33.28,47.20
15:41:33:1,-32.82,4.12,-33.06,46.76
15:41:33:1,-32.57,4.24,-32.94,46.52
15:41:33:2,-33.34,3.78,-32.49,46.70
15:41:33:2,-33.38,3.82,-32.42,46.69
15:41:33:2,-32.91,4.93,-32.27,46.35
15:41:33:2,-32.56,5.04,-32.84,46.52
15:41:33:2,-31.88,5.27,-33.95,46.87
15:41:33:3,-32.60,5.16,-33.44,46.99
15:41:33:3,-33.08,5.10,-33.11,47.08
15:41:33:3,-32.64,4.95,-33.83,47.27
15:41:33:3,-32.55,4.94,-33.95,47.29
15:41:33:3,-32.23,5.27,-33.95,47.10
15:41:33:3,-32.54,5.47,-33.54,47.05
15:41:33:4,-33.25,5.95,-32.61,46.95
15:41:33:4,-32.77,5.85,-33.08,46.93
15:41:33:4,-32.40,5.78,-33.44,46.92
15:41:33:4,-33.38,5.36,-32.48,46.88
15:41:33:4,-33.59,5.27,-32.27,46.88
15:41:33:4,-31.54,5.27,-33.61,46.39
15:41:33:5,-31.68,5.40,-33.30,46.28
15:41:33:5,-32.05,5.78,-32.44,45.97
15:41:33:5,-31.79,6.41,-32.35,45.80
15:41:33:5,-31.54,6.98,-32.27,45.66
15:41:33:5,-32.35,5.63,-33.06,46.60
15:41:33:5,-32.57,5.27,-33.28,46.86
15:41:33:6,-31.88,4.93,-31.60,45.16
15:41:33:6,-31.81,5.00,-31.98,45.38
15:41:33:6,-31.54,5.27,-33.28,46.15
15:41:33:6,-31.96,5.18,-32.87,46.14
15:41:33:6,-32.40,5.10,-32.44,46.13
15:41:33:6,-32.01,5.22,-33.82,46.86
15:41:33:6,-31.88,5.27,-34.28,47.11
15:41:33:7,-31.54,4.93,-33.28,46.11
15:41:33:7,-31.45,5.02,-33.37,46.13
15:41:33:7,-31.03,5.44,-33.78,46.19
15:41:33:7,-30.72,4.98,-33.63,45.82
15:41:33:7,-30.34,4.41,-33.44,45.37
15:41:33:8,-32.89,5.02,-34.04,47.60
15:41:33:8,-33.94,5.27,-34.28,48.53
15:41:33:8,-31.12,6.10,-33.80,46.34
15:41:33:8,-31.23,5.97,-33.63,46.28
15:41:33:8,-32.40,5.10,-32.77,46.37
15:41:33:8,-31.77,5.17,-32.98,46.08
15:41:33:9,-30.86,5.27,-33.28,45.69
15:41:33:9,-31.09,5.95,-33.28,45.93
15:41:33:9,-31.20,6.29,-33.28,46.05
15:41:33:9,-32.15,5.34,-32.96,46.36
15:41:33:9,-32.09,5.06,-33.00,46.31
15:41:33:9,-31.03,3.39,-33.44,45.75
15:41:34:0,-31.28,3.89,-33.07,45.69
15:41:34:0,-31.71,4.75,-32.44,45.61
15:41:34:0,-31.61,4.86,-33.60,46.39
15:41:34:0,-31.54,4.93,-34.28,46.84
15:41:34:0,-31.54,4.31,-33.08,45.91
15:41:34:0,-31.45,4.26,-33.04,45.81
15:41:34:1,-30.17,4.58,-34.28,45.90
15:41:34:1,-30.85,4.47,-33.72,45.93
15:41:34:1,-32.23,4.24,-32.61,46.04
15:41:34:1,-32.33,4.54,-33.70,46.92
15:41:34:1,-32.40,4.75,-34.45,47.53
15:41:34:1,-31.38,4.90,-34.31,46.75
15:41:34:2,-31.23,4.90,-34.28,46.63
15:41:34:2,-32.05,4.07,-34.11,46.99
15:41:34:2,-32.10,4.32,-34.26,47.15
15:41:34:2,-32.23,4.93,-34.62,47.55
15:41:34:2,-32.04,4.93,-33.50,46.61
15:41:34:2,-31.88,4.93,-32.61,45.87
15:41:34:3,-31.33,4.37,-33.15,45.82
15:41:34:3,-31.20,4.24,-33.28,45.81
15:41:34:3,-29.83,3.90,-33.95,45.36
15:41:34:3,-30.36,4.25,-34.03,45.80
15:41:34:3,-31.88,5.27,-34.28,47.11
15:41:34:3,-31.88,5.44,-33.76,46.76
15:41:34:4,-31.88,5.61,-33.28,46.43
15:41:34:4,-31.62,5.87,-32.50,45.72
15:41:34:4,-31.54,5.95,-32.27,45.52
15:41:34:4,-32.23,5.27,-32.94,46.38
15:41:34:4,-32.26,5.23,-33.05,46.48
15:41:34:4,-32.40,5.10,-33.44,46.84
15:41:34:5,-31.91,5.10,-32.97,46.16
15:41:34:5,-31.37,5.10,-32.44,45.41
15:41:34:5,-32.13,5.10,-33.18,46.46
15:41:34:5,-32.40,5.10,-33.44,46.84
15:41:34:5,-31.72,5.10,-34.44,47.10
15:41:34:5,-31.65,4.98,-34.45,47.05
15:41:34:6,-31.37,4.41,-34.45,46.80
15:41:34:6,-31.07,4.71,-34.45,46.63
15:41:34:6,-30.69,5.10,-34.45,46.42
15:41:34:6,-30.80,5.45,-34.33,46.45
15:41:34:6,-30.86,5.61,-34.28,46.46
15:41:34:6,-31.19,4.95,-33.00,45.67
15:41:34:7,-31.32,5.04,-33.10,45.84
15:41:34:7,-32.05,5.78,-34.11,47.17
15:41:34:7,-32.33,5.92,-33.58,46.99
15:41:34:7,-32.74,6.12,-32.77,46.73
15:41:34:7,-32.29,4.55,-32.12,45.77
15:41:34:7,-32.05,3.73,-31.77,45.28
15:41:34:8,-32.21,4.51,-32.23,45.79
15:41:34:8,-32.21,4.50,-32.38,45.89
15:41:34:8,-32.05,3.73,-33.44,46.47
15:41:34:8,-31.26,4.15,-33.62,46.10
15:41:34:8,-29.83,4.93,-33.95,45.46
15:41:34:8,-30.57,4.61,-33.43,45.53
15:41:34:9,-31.03,4.41,-33.11,45.59
15:41:34:9,-30.88,4.86,-33.55,45.85
15:41:34:9,-30.88,4.87,-33.61,45.90
15:41:34:9,-31.20,3.90,-33.61,46.03
15:41:34:9,-31.63,4.12,-33.93,46.57
15:41:34:9,-32.57,4.58,-34.62,47.75
15:41:35:0,-31.58,4.39,-34.42,46.92
15:41:35:0,-30.86,4.24,-34.28,46.32
15:41:35:0,-31.14,5.96,-33.72,46.29
15:41:35:0,-31.18,6.29,-33.62,46.29
15:41:35:0,-30.00,6.12,-34.45,46.09
15:41:35:1,-30.33,5.98,-34.40,46.25
15:41:35:1,-31.20,5.61,-34.28,46.69
15:41:35:1,-31.29,5.15,-33.83,46.37
15:41:35:1,-31.37,4.75,-33.44,46.10
15:41:35:1,-30.83,3.94,-35.05,46.84
15:41:35:1,-30.69,3.73,-35.46,47.04
15:41:35:2,-31.88,5.27,-32.94,46.15
15:41:35:2,-31.84,4.90,-33.22,46.28
15:41:35:2,-31.71,3.73,-34.11,46.73
15:41:35:2,-31.29,3.64,-33.53,46.00
15:41:35:2,-30.86,3.56,-32.94,45.28
15:41:35:2,-31.12,4.34,-34.46,46.63
15:41:35:2,-31.20,4.58,-34.95,47.08
15:41:35:3,-31.88,2.87,-33.28,46.17
15:41:35:3,-31.58,2.97,-33.44,46.09
15:41:35:3,-30.34,3.39,-34.11,45.78
15:41:35:3,-30.58,2.52,-33.73,45.60
15:41:35:3,-30.86,1.50,-33.28,45.41
15:41:35:3,-32.33,0.77,-34.00,46.92
15:41:35:4,-32.91,0.48,-34.28,47.52
15:41:35:4,-31.74,1.31,-33.46,46.14
15:41:35:4,-31.61,1.55,-33.60,46.16
15:41:35:4,-31.03,2.70,-34.45,46.44
15:41:35:4,-31.53,1.77,-34.52,46.78
15:41:35:4,-32.23,0.48,-34.62,47.30
15:41:35:5,-31.41,2.68,-33.59,46.07
15:41:35:5,-31.03,3.73,-33.11,45.53
15:41:35:5,-32.15,2.60,-33.89,46.79
15:41:35:5,-32.25,2.31,-34.04,46.95
15:41:35:5,-32.40,0.65,-34.79,47.54
15:41:35:6,-32.07,1.49,-34.47,47.11
15:41:35:6,-31.54,2.87,-33.95,46.43
15:41:35:6,-31.43,2.32,-33.62,46.09
15:41:35:6,-31.37,2.02,-33.44,45.90
15:41:35:6,-31.99,0.78,-33.74,46.50
15:41:35:6,-32.12,0.69,-33.82,46.65
15:41:35:7,-32.91,1.16,-34.28,47.54
15:41:35:7,-32.51,1.33,-33.66,46.81
15:41:35:7,-31.71,1.67,-32.44,45.40
15:41:35:7,-32.02,1.57,-32.74,45.82
15:41:35:7,-32.23,1.50,-32.94,46.11
15:41:35:7,-32.52,1.50,-32.65,46.11
15:41:35:8,-32.64,1.51,-32.55,46.12
15:41:35:8,-34.45,1.67,-31.10,46.44
15:41:35:8,-34.40,2.13,-30.95,46.32
15:41:35:8,-34.28,3.22,-30.60,46.06
15:41:35:8,-34.66,1.11,-29.47,45.51
15:41:35:8,-34.96,-0.55,-28.58,45.16
15:41:35:8,-35.52,-0.27,-28.58,45.60
15:41:35:9,-35.65,-0.21,-28.58,45.69
15:41:35:9,-37.02,-2.60,-26.57,45.64
15:41:35:9,-37.41,-3.27,-26.10,45.73
15:41:35:9,-38.56,-5.17,-24.73,46.10
15:41:35:9,-38.82,-5.79,-24.47,46.26
15:41:36:0,-39.07,-6.37,-24.23,46.41
15:41:36:0,-38.27,-7.70,-22.92,45.27
15:41:36:0,-38.04,-8.08,-22.55,44.96
15:41:36:0,-37.87,-8.93,-22.38,44.89
15:41:36:0,-37.84,-9.64,-22.13,44.88
15:41:36:0,-37.70,-12.18,-21.21,44.94
15:41:36:1,-37.62,-12.92,-21.61,45.27
15:41:36:1,-37.53,-13.72,-22.05,45.64
15:41:36:1,-37.91,-15.87,-20.69,46.01
15:41:36:1,-38.04,-16.63,-20.21,46.18
15:41:36:1,-34.96,-18.69,-20.21,44.50
15:41:36:1,-35.33,-19.18,-19.96,44.89
15:41:36:2,-37.02,-21.42,-18.86,46.74
15:41:36:2,-36.87,-22.48,-18.72,47.06
15:41:36:2,-36.67,-23.82,-18.53,47.49
15:41:36:2,-34.64,-26.09,-17.94,46.94
15:41:36:2,-33.77,-27.07,-17.69,46.75
15:41:36:2,-33.77,-27.07,-16.73,46.40
15:41:36:3,-33.53,-27.50,-16.92,46.55
15:41:36:3,-32.05,-30.15,-18.36,47.68
15:41:36:3,-31.51,-30.70,-17.96,47.51
15:41:36:3,-30.69,-31.52,-17.36,47.29
15:41:36:3,-31.14,-32.42,-17.14,48.10
15:41:36:3,-31.37,-32.89,-17.02,48.53
15:41:36:4,-32.48,-33.99,-16.25,49.74
15:41:36:4,-32.41,-34.20,-16.47,49.92
15:41:36:4,-31.03,-35.28,-19.03,50.69
15:41:36:4,-30.66,-35.77,-19.27,50.90
15:41:36:4,-30.00,-36.65,-19.70,51.30
15:41:36:4,-30.21,-37.71,-20.12,52.34
15:41:36:5,-30.34,-38.36,-20.37,52.98
15:41:36:5,-31.85,-38.96,-21.26,54.63
15:41:36:5,-31.99,-39.07,-21.40,54.84
15:41:36:5,-31.03,-39.39,-21.71,54.64
15:41:36:5,-31.19,-39.66,-22.09,55.08
15:41:36:5,-31.54,-40.24,-22.89,56.02
15:41:36:6,-31.24,-39.35,-23.76,55.58
15:41:36:6,-31.03,-38.70,-24.39,55.28
15:41:36:6,-30.31,-39.71,-25.66,56.16
15:41:36:6,-30.19,-39.88,-25.91,56.34
15:41:36:6,-31.20,-38.87,-26.57,56.49
15:41:36:6,-31.34,-39.21,-26.99,56.99
15:41:36:7,-31.71,-40.07,-28.08,58.31
15:41:36:7,-31.62,-40.17,-29.44,58.99
15:41:36:7,-31.54,-40.24,-30.60,59.59
15:41:36:7,-31.68,-40.11,-32.07,60.34
15:41:36:7,-31.71,-40.07,-32.44,60.53
15:41:36:7,-29.83,-38.19,-34.95,59.75
15:41:36:8,-29.79,-37.91,-35.23,59.71
15:41:36:8,-29.66,-36.99,-36.13,59.61
15:41:36:8,-29.66,-36.82,-36.96,60.01
15:41:36:8,-29.66,-36.65,-37.80,60.43
15:41:36:8,-29.27,-36.52,-38.44,60.56
15:41:36:8,-29.15,-36.48,-38.64,60.61
15:41:36:9,-31.03,-35.97,-37.47,60.50
15:41:36:9,-30.72,-35.93,-37.97,60.63
15:41:36:9,-29.49,-35.80,-39.98,61.23
15:41:36:9,-30.12,-35.17,-39.82,61.07
15:41:36:9,-30.86,-34.43,-39.64,60.90
15:41:36:9,-29.50,-36.03,-40.25,61.55
15:41:37:0,-28.97,-36.65,-40.48,61.82
15:41:37:0,-29.31,-35.64,-40.15,61.17
15:41:37:0,-29.15,-35.46,-40.20,61.02
15:41:37:0,-28.29,-34.60,-40.48,60.30
15:41:37:0,-28.51,-34.24,-38.58,58.93
15:41:37:0,-28.80,-33.74,-35.96,57.11
15:41:37:1,-28.57,-34.44,-35.73,57.26
15:41:37:1,-28.46,-34.77,-35.62,57.34
15:41:37:1,-30.24,-34.28,-31.99,55.79
15:41:37:1,-30.45,-34.15,-31.79,55.71
15:41:37:1,-31.20,-33.40,-31.94,55.76
15:41:37:2,-31.33,-33.01,-29.25,54.10
15:41:37:2,-31.54,-32.37,-24.90,51.60
15:41:37:2,-31.87,-32.04,-23.93,51.14
15:41:37:2,-32.05,-31.86,-23.39,50.89
15:41:37:2,-30.35,-31.70,-21.72,48.97
15:41:37:2,-30.20,-31.69,-21.26,48.66
15:41:37:3,-30.51,-31.69,-17.86,47.48
15:41:37:3,-30.28,-31.57,-16.94,46.91
15:41:37:3,-29.83,-31.35,-15.18,45.86
15:41:37:3,-29.42,-29.90,-13.76,44.15
15:41:37:3,-29.15,-28.95,-12.83,43.04
15:41:37:3,-27.38,-29.84,-11.96,42.22
15:41:37:4,-27.10,-29.97,-11.78,42.09
15:41:37:4,-27.26,-29.81,-10.65,41.78
15:41:37:4,-27.47,-29.91,-10.55,41.96
15:41:37:4,-27.95,-30.15,-10.32,42.38
15:41:37:4,-27.18,-29.00,-9.19,40.79
15:41:37:4,-26.58,-28.10,-8.31,39.56
15:41:37:4,-28.69,-25.98,-7.62,39.45
15:41:37:5,-29.15,-25.53,-7.47,39.46
15:41:37:5,-28.46,-27.24,-6.13,39.87
15:41:37:5,-29.04,-27.38,-5.56,40.30
15:41:37:5,-30.69,-27.75,-3.95,41.56
15:41:37:5,-29.88,-26.59,-2.64,40.09
15:41:37:6,-29.15,-25.53,-1.44,38.77
15:41:37:6,-31.29,-25.26,-0.65,40.22
15:41:37:6,-31.88,-25.19,-0.43,40.63
15:41:37:6,-31.71,-23.30,0.07,39.35
15:41:37:6,-31.71,-23.61,0.52,39.54
15:41:37:6,-31.71,-24.67,2.08,40.23
15:41:37:7,-31.88,-23.68,2.08,39.77
15:41:37:7,-32.05,-22.62,2.08,39.29
15:41:37:7,-32.05,-22.88,2.58,39.46
15:41:37:7,-32.05,-22.96,2.75,39.53
15:41:37:7,-33.77,-22.28,4.43,40.69
15:41:37:7,-33.67,-22.25,4.28,40.59
15:41:37:8,-33.25,-22.11,3.59,40.09
15:41:37:8,-33.33,-22.18,3.52,40.19
15:41:37:8,-33.42,-22.28,3.42,40.31
15:41:37:8,-33.42,-21.56,4.36,40.01
15:41:37:8,-33.42,-21.25,4.76,39.89
15:41:37:8,-34.41,-21.25,5.73,40.85
15:41:37:9,-34.40,-21.30,5.58,40.85
15:41:37:9,-34.11,-21.59,4.43,40.61
15:41:37:9,-34.31,-21.12,4.50,40.54
15:41:37:9,-34.62,-20.40,4.60,40.44
15:41:37:9,-34.28,-20.51,4.49,40.20
15:41:37:9,-34.11,-20.57,4.43,40.07
15:41:38:0,-32.53,-20.57,5.36,38.86
15:41:38:0,-32.60,-20.50,5.33,38.88
15:41:38:0,-34.45,-19.88,4.43,40.02
15:41:38:0,-34.20,-20.01,4.91,39.93
15:41:38:0,-33.77,-20.23,5.77,39.78
15:41:38:0,-33.66,-20.76,4.83,39.84
15:41:38:0,-33.59,-21.08,4.26,39.89
15:41:38:1,-33.75,-20.63,2.93,39.66
15:41:38:1,-33.71,-20.63,2.79,39.62
15:41:38:1,-32.74,-21.59,3.42,39.37
15:41:38:1,-32.85,-21.27,2.89,39.24
15:41:38:1,-33.08,-20.57,1.75,38.99
15:41:38:2,-32.39,-22.05,2.62,39.27
15:41:38:2,-31.88,-23.13,3.25,39.53
15:41:38:2,-31.60,-22.27,1.85,38.70
15:41:38:2,-31.52,-22.16,1.55,38.57
15:41:38:2,-30.51,-25.19,-0.10,39.57
15:41:38:2,-30.66,-24.86,-0.05,39.47
15:41:38:3,-31.03,-23.99,0.07,39.22
15:41:38:3,-31.12,-25.00,-0.92,39.93
15:41:38:3,-31.20,-25.87,-1.77,40.57
15:41:38:3,-30.25,-25.46,-2.17,39.60
15:41:38:3,-30.00,-25.36,-2.28,39.35
15:41:38:3,-30.00,-26.73,-5.29,40.53
15:41:38:4,-29.96,-26.85,-5.73,40.64
15:41:38:4,-29.83,-27.24,-7.14,41.02
15:41:38:4,-29.15,-27.41,-6.64,40.56
15:41:38:4,-28.46,-27.58,-6.13,40.11
15:41:38:4,-27.43,-26.29,-7.40,38.71
15:41:38:4,-27.09,-25.87,-7.80,38.27
15:41:38:5,-27.44,-27.24,-9.14,39.73
15:41:38:5,-27.47,-27.21,-9.77,39.88
15:41:38:5,-27.61,-27.07,-12.33,40.58
15:41:38:5,-27.06,-27.15,-12.56,40.34
15:41:38:5,-26.41,-27.24,-12.83,40.05
15:41:38:5,-26.29,-26.87,-14.15,40.17
15:41:38:6,-26.24,-26.73,-14.68,40.23
15:41:38:6,-27.41,-28.90,-16.48,43.11
15:41:38:6,-27.38,-28.79,-17.05,43.23
15:41:38:6,-27.09,-27.93,-19.87,43.69
15:41:38:6,-27.52,-28.35,-21.54,45.00
15:41:38:6,-28.12,-28.95,-23.89,46.90
15:41:38:7,-28.12,-28.02,-24.57,46.69
15:41:38:7,-28.12,-27.58,-24.90,46.60
15:41:38:7,-27.80,-28.87,-27.72,48.73
15:41:38:7,-27.86,-28.95,-28.38,49.19
15:41:38:7,-28.46,-28.95,-31.94,51.65
15:41:38:7,-28.01,-29.15,-32.76,52.03
15:41:38:8,-27.26,-29.46,-34.11,52.68
15:41:38:8,-26.72,-30.01,-36.36,54.19
15:41:38:8,-26.41,-30.32,-37.63,55.07
15:41:38:8,-26.26,-30.47,-38.69,55.81
15:41:38:8,-26.21,-30.44,-38.93,55.94
15:41:38:8,-25.90,-29.81,-40.48,56.55
15:41:38:9,-25.67,-29.92,-41.27,57.07
15:41:38:9,-25.21,-30.15,-42.83,58.13
15:41:38:9,-25.01,-31.17,-42.63,58.43
15:41:38:9,-24.87,-31.86,-42.49,58.64
15:41:38:9,-26.19,-31.71,-42.35,59.03
15:41:38:9,-26.39,-31.62,-42.33,59.06
15:41:39:0,-25.90,-29.81,-42.49,58.01
15:41:39:0,-26.25,-30.36,-43.24,59.00
15:41:39:0,-27.09,-31.69,-45.01,61.35
15:41:39:0,-26.81,-31.02,-45.29,61.09
15:41:39:0,-26.58,-30.49,-45.51,60.89
15:41:39:0,-26.58,-28.82,-47.15,61.32
15:41:39:1,-26.58,-28.44,-47.52,61.43
15:41:39:1,-26.92,-30.83,-45.18,60.96
15:41:39:1,-27.01,-31.01,-45.69,61.47
15:41:39:1,-27.26,-31.52,-47.19,62.95
15:41:39:1,-27.88,-30.90,-46.93,62.72
15:41:39:1,-28.46,-30.32,-46.68,62.52
15:41:39:2,-28.20,-31.12,-45.12,61.64
15:41:39:2,-28.12,-31.35,-44.67,61.39
15:41:39:2,-30.69,-31.86,-43.83,62.27
15:41:39:2,-30.54,-31.56,-43.25,61.64
15:41:39:2,-30.00,-30.49,-41.15,59.36
15:41:39:2,-30.33,-31.14,-40.03,59.10
15:41:39:3,-30.69,-31.86,-38.81,58.84
15:41:39:3,-30.94,-31.11,-37.57,57.76
15:41:39:3,-31.03,-30.83,-37.13,57.38
15:41:39:3,-30.69,-33.22,-32.45,55.66
15:41:39:3,-30.56,-33.29,-32.14,55.46
15:41:39:3,-30.00,-33.57,-30.76,54.53
15:41:39:4,-30.30,-32.82,-29.15,53.34
15:41:39:4,-30.69,-31.86,-27.08,51.86
15:41:39:4,-31.52,-32.22,-25.55,51.81
15:41:39:4,-31.88,-32.37,-24.90,51.81
15:41:39:4,-30.24,-30.40,-23.93,49.11
15:41:39:5,-30.24,-30.39,-23.55,48.92
15:41:39:5,-30.69,-30.83,-21.38,48.47
15:41:39:5,-30.28,-30.70,-20.05,47.55
15:41:39:5,-29.66,-30.49,-18.03,46.20
15:41:39:5,-30.79,-30.27,-18.69,47.04
15:41:39:5,-31.37,-30.15,-19.03,47.49
15:41:39:5,-30.43,-29.84,-15.95,45.50
15:41:39:6,-30.36,-29.72,-15.60,45.26
15:41:39:6,-30.51,-28.95,-14.84,44.60
15:41:39:6,-31.25,-29.07,-14.84,45.19
15:41:39:6,-32.57,-29.29,-14.84,46.25
15:41:39:6,-31.62,-28.13,-15.98,45.24
15:41:39:6,-31.03,-27.41,-16.69,44.64
15:41:39:7,-29.83,-26.21,-15.51,42.63
15:41:39:7,-29.78,-26.04,-15.38,42.44
15:41:39:7,-31.71,-26.04,-16.02,44.05
15:41:39:7,-32.15,-25.39,-17.29,44.47
15:41:39:7,-33.08,-23.99,-20.04,45.51
15:41:39:7,-32.49,-23.20,-19.07,44.24
15:41:39:8,-32.05,-22.62,-18.36,43.32
15:41:39:8,-34.20,-19.62,-20.75,44.55
15:41:39:8,-34.66,-19.04,-21.19,44.87
15:41:39:8,-37.02,-20.05,-20.21,46.70
15:41:39:8,-36.92,-18.73,-20.21,46.07
15:41:39:9,-36.67,-15.26,-20.21,44.57
15:41:39:9,-37.50,-14.44,-20.11,44.94
15:41:39:9,-38.21,-13.72,-20.04,45.28
15:41:39:9,-38.21,-12.36,-21.11,45.37
15:41:39:9,-38.21,-12.01,-21.38,45.41
15:41:39:9,-38.39,-8.42,-22.22,45.14
15:41:40:0,-37.94,-8.14,-22.18,44.69
15:41:40:0,-36.50,-7.22,-22.05,43.25
15:41:40:0,-38.04,-6.37,-23.55,45.19
15:41:40:0,-39.58,-5.51,-25.07,47.17
15:41:40:0,-38.80,-5.51,-23.79,45.85
15:41:40:0,-38.56,-5.51,-23.39,45.43
15:41:40:1,-38.73,-1.58,-24.90,46.07
15:41:40:1,-38.76,-1.27,-25.19,46.25
15:41:40:1,-38.90,-0.04,-26.41,47.01
15:41:40:1,-38.66,-0.27,-26.48,46.86
15:41:40:1,-38.39,-0.55,-26.57,46.69
15:41:40:1,-36.66,-0.31,-26.81,45.42
15:41:40:1,-35.99,-0.21,-26.91,44.94
15:41:40:2,-35.82,-0.71,-28.71,45.91
15:41:40:2,-36.06,-0.53,-28.67,46.07
15:41:40:2,-37.36,0.48,-28.25,46.84
15:41:40:2,-37.22,1.33,-28.39,46.83
15:41:40:2,-37.02,2.53,-28.58,46.84
15:41:40:2,-36.32,2.99,-27.67,45.76
15:41:40:3,-35.99,3.22,-27.24,45.25
15:41:40:3,-35.35,2.89,-29.76,46.30
15:41:40:3,-35.41,2.97,-29.79,46.37
15:41:40:3,-36.16,3.73,-28.75,46.35
15:41:40:3,-35.97,3.66,-28.94,46.31
15:41:40:4,-35.65,3.56,-29.25,46.25
15:41:40:4,-35.76,2.35,-29.36,46.33
15:41:40:4,-35.82,1.67,-29.42,46.38
15:41:40:4,-35.51,1.98,-29.72,46.35
15:41:40:4,-35.50,2.10,-29.76,46.37
15:41:40:4,-35.82,3.04,-29.76,46.67
15:41:40:5,-35.76,3.10,-30.04,46.81
15:41:40:5,-35.65,3.22,-30.60,47.09
15:41:40:5,-35.14,3.72,-30.29,46.54
15:41:40:5,-34.79,4.07,-30.09,46.18
15:41:40:5,-34.21,3.78,-30.95,46.29
15:41:40:5,-34.09,3.68,-31.07,46.27
15:41:40:6,-33.59,2.53,-30.26,45.28
15:41:40:6,-33.65,2.28,-30.41,45.41
15:41:40:6,-33.77,1.67,-30.76,45.71
15:41:40:6,-34.53,1.48,-30.95,46.39
15:41:40:6,-35.13,1.33,-31.10,46.94
15:41:40:6,-36.11,2.03,-31.78,48.15
15:41:40:7,-36.33,2.19,-31.94,48.42
15:41:40:7,-35.13,1.67,-31.77,47.40
15:41:40:7,-35.22,2.20,-31.51,47.31
15:41:40:7,-35.48,3.73,-30.76,47.10
15:41:40:7,-34.95,3.73,-30.76,46.71
15:41:40:7,-34.45,3.73,-30.76,46.34
15:41:40:8,-34.85,2.80,-31.15,46.83
15:41:40:8,-34.96,2.53,-31.27,46.97
15:41:40:8,-33.94,1.16,-31.27,46.16
15:41:40:8,-34.16,1.38,-31.27,46.33
15:41:40:8,-34.96,2.19,-31.27,46.95
15:41:40:8,-34.40,2.75,-31.66,46.83
15:41:40:9,-33.77,3.39,-32.10,46.71
15:41:40:9,-34.90,2.75,-31.24,46.92
15:41:40:9,-35.31,2.53,-30.93,47.01
15:41:40:9,-34.28,3.89,-32.26,47.24
15:41:40:9,-34.40,3.60,-32.15,47.22
15:41:40:9,-34.96,2.19,-31.60,47.18
15:41:41:0,-34.52,2.19,-31.16,46.55
15:41:41:0,-33.94,2.19,-30.60,45.74
15:41:41:0,-34.29,1.83,-30.01,45.61
15:41:41:0,-34.45,1.67,-29.76,45.55
15:41:41:0,-33.14,2.33,-30.72,45.25
15:41:41:0,-33.11,2.57,-30.92,45.37
15:41:41:1,-33.25,3.90,-31.94,46.27
15:41:41:1,-33.59,3.70,-32.00,46.54
15:41:41:1,-34.11,3.39,-32.10,46.96
15:41:41:1,-34.00,3.72,-31.55,46.53
15:41:41:1,-33.94,3.90,-31.27,46.31
15:41:41:1,-35.35,3.11,-31.73,47.60
15:41:41:2,-35.43,3.06,-31.72,47.65
15:41:41:2,-34.96,3.22,-31.27,47.01
15:41:41:2,-34.42,2.67,-31.44,46.69
15:41:41:2,-33.42,1.67,-31.77,46.14
15:41:41:2,-34.27,2.31,-31.35,46.50
15:41:41:2,-34.79,2.70,-31.10,46.74
15:41:41:3,-33.89,3.30,-32.27,46.92
15:41:41:3,-33.78,3.32,-32.45,46.95
15:41:41:3,-33.94,2.19,-32.61,47.11
15:41:41:3,-34.15,1.86,-32.71,47.33
15:41:41:3,-34.62,1.16,-32.94,47.80
15:41:41:3,-33.93,1.85,-32.26,46.86
15:41:41:4,-33.42,2.36,-31.77,46.17
15:41:41:4,-34.00,2.64,-30.65,45.85
15:41:41:4,-34.09,2.70,-30.46,45.79
15:41:41:4,-32.91,2.87,-32.27,46.18
15:41:41:4,-33.29,2.78,-32.09,46.32
15:41:41:4,-34.28,2.53,-31.60,46.69
15:41:41:5,-34.01,3.54,-31.51,46.50
15:41:41:5,-33.77,4.41,-31.43,46.34
15:41:41:5,-33.90,3.46,-32.90,47.37
15:41:41:5,-33.94,3.22,-33.28,47.64
15:41:41:5,-33.94,1.85,-32.27,46.87
15:41:41:5,-33.70,1.85,-32.03,46.53
15:41:41:6,-32.91,1.85,-31.27,45.43
15:41:41:6,-33.25,1.85,-31.60,45.91
15:41:41:6,-33.59,1.85,-31.94,46.39
15:41:41:6,-33.34,2.62,-32.44,46.59
15:41:41:6,-33.25,2.87,-32.61,46.66
15:41:41:7,-32.57,2.19,-31.27,45.20
15:41:41:7,-32.57,2.26,-31.53,45.38
15:41:41:7,-32.57,2.53,-32.61,46.15
15:41:41:7,-33.04,3.15,-32.15,46.20
15:41:41:7,-33.59,3.90,-31.60,46.29
15:41:41:7,-33.11,2.68,-32.56,46.51
15:41:41:7,-32.91,2.19,-32.94,46.61
15:41:41:8,-32.41,2.02,-31.79,45.45
15:41:41:8,-32.53,1.93,-31.90,45.60
15:41:41:8,-33.25,1.50,-32.61,46.60
15:41:41:8,-33.40,2.50,-33.16,47.13
15:41:41:8,-33.59,3.90,-33.95,47.92
15:41:41:8,-32.90,2.97,-33.72,47.20
15:41:41:9,-32.57,2.53,-33.61,46.87
15:41:41:9,-33.05,2.37,-32.51,46.42
15:41:41:9,-32.90,2.42,-32.50,46.31
15:41:41:9,-31.54,2.87,-32.94,45.70
15:41:41:9,-31.48,2.94,-33.13,45.79
15:41:41:9,-31.37,3.04,-33.44,45.96
15:41:42:0,-32.36,2.49,-33.12,46.37
15:41:42:0,-32.91,2.19,-32.94,46.61
15:41:42:0,-32.60,1.88,-33.54,46.82
15:41:42:0,-32.51,1.95,-33.61,46.81
15:41:42:0,-31.88,3.22,-33.61,46.44
15:41:42:1,-31.54,3.10,-33.38,46.03
15:41:42:1,-30.86,2.87,-32.94,45.23
15:41:42:1,-31.58,3.18,-33.64,46.25
15:41:42:1,-32.05,3.39,-34.11,46.93
15:41:42:1,-31.91,2.06,-34.83,47.28
15:41:42:1,-31.87,1.86,-34.87,47.28
15:41:42:2,-31.54,2.19,-32.94,45.66
15:41:42:2,-31.80,2.24,-32.69,45.66
15:41:42:2,-32.40,2.36,-32.10,45.67
15:41:42:2,-32.49,3.03,-32.95,46.37
15:41:42:2,-32.57,3.56,-33.61,46.94
15:41:42:2,-32.85,3.84,-33.06,46.76
15:41:42:2,-32.91,3.90,-32.94,46.73
15:41:42:3,-33.25,2.87,-31.94,46.19
15:41:42:3,-33.12,2.56,-32.07,46.17
15:41:42:3,-32.74,1.67,-32.44,46.12
15:41:42:3,-33.01,2.83,-32.18,46.18
15:41:42:3,-33.25,3.90,-31.94,46.27
15:41:42:3,-32.98,2.83,-31.94,46.00
15:41:42:4,-32.91,2.53,-31.94,45.93
15:41:42:4,-34.45,2.02,-31.77,46.91
15:41:42:4,-34.00,2.24,-32.14,46.84
15:41:42:4,-32.40,3.04,-33.44,46.66
15:41:42:4,-32.32,2.96,-33.04,46.31
15:41:42:4,-32.23,2.87,-32.61,45.93
15:41:42:5,-33.24,2.62,-32.85,46.81
15:41:42:5,-33.59,2.53,-32.94,47.12
15:41:42:5,-33.25,2.19,-31.27,45.69
15:41:42:5,-33.41,2.22,-31.29,45.83
15:41:42:5,-34.11,2.36,-31.43,46.44
15:41:42:6,-34.03,2.74,-31.21,46.26
15:41:42:6,-33.94,3.22,-30.93,46.03
15:41:42:6,-34.30,3.57,-30.81,46.24
15:41:42:6,-34.45,3.73,-30.76,46.34
15:41:42:6,-34.12,2.08,-31.73,46.64
15:41:42:6,-34.04,2.13,-31.74,46.59
15:41:42:7,-33.59,2.87,-31.60,46.21
15:41:42:7,-33.73,2.87,-31.60,46.31
15:41:42:7,-33.94,2.87,-31.60,46.46
15:41:42:7,-34.84,3.10,-30.93,46.70
15:41:42:7,-35.31,3.22,-30.60,46.83
15:41:42:7,-33.25,3.05,-31.68,46.03
15:41:42:8,-32.99,2.99,-31.79,45.91
15:41:42:8,-32.23,2.53,-31.94,45.44
15:41:42:8,-32.91,2.71,-31.75,45.81
15:41:42:8,-34.11,3.04,-31.43,46.48
15:41:42:8,-33.79,3.58,-31.54,46.36
15:41:42:8,-33.59,3.90,-31.60,46.29
15:41:42:8,-33.44,3.45,-30.56,45.44
15:41:42:9,-33.36,3.49,-30.49,45.33
15:41:42:9,-32.40,5.10,-31.43,45.43
15:41:42:9,-32.89,4.05,-31.27,45.57
15:41:42:9,-33.94,1.85,-30.93,45.96
15:41:42:9,-34.04,3.14,-31.03,46.16
15:41:43:0,-34.11,4.07,-31.10,46.34
15:41:43:0,-33.10,2.77,-32.37,46.38
15:41:43:0,-32.91,2.54,-32.60,46.40
15:41:43:0,-33.08,3.04,-32.44,46.43
15:41:43:0,-33.13,2.90,-32.58,46.56
15:41:43:0,-33.25,2.53,-32.94,46.87
15:41:43:1,-34.00,3.09,-32.57,47.19
15:41:43:1,-34.62,3.56,-32.27,47.46
15:41:43:1,-34.07,2.73,-32.27,47.01
15:41:43:1,-33.94,2.53,-32.27,46.90
15:41:43:1,-32.57,3.22,-31.27,45.26
15:41:43:1,-32.90,3.13,-31.27,45.50
15:41:43:2,-33.94,2.87,-31.27,46.23
15:41:43:2,-32.64,3.30,-31.35,45.38
15:41:43:2,-31.37,3.73,-31.43,44.57
15:41:43:2,-32.81,3.33,-32.07,46.01
15:41:43:2,-33.25,3.22,-32.27,46.45
15:41:43:2,-34.11,3.04,-32.44,47.17
15:41:43:3,-34.11,2.90,-32.02,46.88
15:41:43:3,-34.11,2.36,-30.43,45.77
15:41:43:3,-33.87,2.92,-30.82,45.88
15:41:43:3,-33.59,3.56,-31.27,46.03
15:41:43:3,-34.34,3.31,-30.78,46.23
15:41:43:3,-34.62,3.22,-30.60,46.31
15:41:43:4,-34.45,3.72,-31.42,46.78
15:41:43:4,-34.45,3.44,-31.38,46.72
15:41:43:4,-34.45,2.02,-31.10,46.45
15:41:43:4,-34.23,2.24,-31.03,46.25
15:41:43:4,-33.94,2.53,-30.93,45.99
15:41:43:4,-35.00,1.47,-29.89,46.05
15:41:43:5,-35.48,0.99,-29.42,46.10
15:41:43:5,-35.15,1.96,-30.06,46.29
15:41:43:5,-35.05,1.84,-30.22,46.31
15:41:43:5,-34.45,0.65,-31.10,46.41
15:41:43:5,-35.05,-0.08,-30.38,46.38
15:41:43:5,-35.99,-1.23,-29.25,46.40
15:41:43:6,-37.32,-2.34,-29.04,47.35
15:41:43:6,-38.04,-2.94,-28.92,47.88
15:41:43:6,-35.87,-3.26,-29.22,46.38
15:41:43:6,-35.68,-3.53,-29.05,46.14
15:41:43:6,-35.99,-6.02,-26.91,45.34
15:41:43:6,-35.81,-6.68,-26.73,45.19
15:41:43:7,-35.48,-7.91,-26.41,44.93
15:41:43:7,-36.00,-9.47,-25.49,45.11
15:41:43:7,-36.33,-10.47,-24.90,45.27
15:41:43:7,-34.84,-12.26,-24.02,44.06
15:41:43:7,-34.67,-12.64,-23.92,43.98
15:41:43:7,-35.65,-14.92,-24.56,45.79
15:41:43:8,-35.22,-15.87,-24.25,45.62
15:41:43:8,-34.28,-18.00,-23.56,45.32
15:41:43:8,-34.28,-19.17,-23.37,45.70
15:41:43:8,-34.28,-20.05,-23.22,46.01
15:41:43:8,-32.15,-22.76,-23.64,45.94
15:41:43:9,-31.70,-23.32,-23.70,45.94
15:41:43:9,-30.51,-24.50,-21.55,44.67
15:41:43:9,-30.28,-25.47,-21.41,44.99
15:41:43:9,-29.66,-28.10,-21.04,45.95
15:41:43:9,-30.38,-28.64,-20.86,46.68
15:41:43:9,-31.03,-29.12,-20.71,47.32
15:41:43:9,-29.95,-31.83,-19.91,48.03
15:41:44:0,-29.66,-32.54,-19.70,48.24
15:41:44:0,-28.63,-33.91,-18.03,47.90
15:41:44:0,-28.63,-34.23,-17.79,48.04
15:41:44:0,-28.63,-35.28,-17.02,48.52
15:41:44:0,-27.88,-35.37,-16.11,47.83
15:41:44:0,-27.09,-35.45,-15.18,47.13
15:41:44:1,-27.35,-37.25,-15.68,48.80
15:41:44:1,-27.44,-37.85,-15.85,49.36
15:41:44:1,-26.58,-38.36,-16.69,49.56
15:41:44:1,-26.68,-38.39,-16.97,49.74
15:41:44:1,-27.09,-38.53,-18.19,50.50
15:41:44:1,-26.55,-39.07,-19.48,51.10
15:41:44:2,-25.90,-39.73,-21.04,51.88
15:41:44:2,-25.78,-38.88,-22.83,51.93
15:41:44:2,-25.72,-38.53,-23.56,51.98
15:41:44:2,-24.23,-40.70,-27.96,55.00
15:41:44:2,-23.87,-40.50,-28.44,54.94
15:41:44:3,-22.13,-39.05,-30.43,54.22
15:41:44:3,-22.41,-38.91,-31.53,54.86
15:41:44:3,-22.81,-38.70,-33.11,55.81
15:41:44:3,-21.55,-39.28,-35.24,57.00
15:41:44:3,-20.93,-39.56,-36.29,57.62
15:41:44:3,-21.41,-40.68,-36.45,58.66
15:41:44:4,-21.50,-40.74,-36.59,58.83
15:41:44:4,-21.96,-40.59,-37.63,59.55
15:41:44:4,-21.58,-40.46,-37.76,59.40
15:41:44:4,-20.93,-40.24,-37.97,59.16
15:41:44:4,-21.15,-40.24,-37.54,58.96
15:41:44:4,-21.28,-40.24,-37.30,58.85
15:41:44:4,-22.19,-40.55,-35.50,58.29
15:41:44:5,-22.30,-40.49,-35.36,58.20
15:41:44:5,-22.30,-39.22,-36.29,57.90
15:41:44:5,-22.93,-38.93,-35.90,57.71
15:41:44:5,-24.18,-38.36,-35.12,57.36
15:41:44:5,-24.08,-39.28,-35.22,57.99
15:41:44:5,-24.01,-39.90,-35.29,58.43
15:41:44:6,-24.31,-39.03,-35.00,57.78
15:41:44:6,-24.39,-38.80,-34.84,57.56
15:41:44:6,-25.38,-36.48,-31.60,54.53
15:41:44:6,-25.58,-36.48,-31.80,54.74
15:41:44:6,-26.07,-36.48,-32.27,55.24
15:41:44:6,-26.92,-35.44,-30.87,54.16
15:41:44:7,-27.61,-34.60,-29.76,53.34
15:41:44:7,-26.63,-36.69,-27.16,52.85
15:41:44:7,-26.41,-37.16,-26.57,52.77
15:41:44:7,-26.75,-35.45,-26.24,51.58
15:41:44:7,-27.06,-34.63,-25.09,50.60
15:41:44:8,-27.95,-32.20,-21.71,47.85
15:41:44:8,-27.60,-32.38,-20.50,47.23
15:41:44:8,-27.26,-32.54,-19.37,46.66
15:41:44:8,-26.07,-32.94,-17.68,45.58
15:41:44:8,-25.72,-33.06,-17.19,45.28
15:41:44:8,-25.38,-31.35,-16.52,43.59
15:41:44:9,-25.34,-31.24,-15.84,43.23
15:41:44:9,-25.21,-30.83,-13.33,42.00
15:41:44:9,-25.13,-30.59,-12.62,41.55
15:41:44:9,-25.04,-30.32,-11.83,41.06
15:41:44:9,-25.29,-30.07,-11.09,40.83
15:41:44:9,-25.38,-29.98,-10.82,40.74
15:41:44:9,-24.53,-28.79,-10.32,39.20
15:41:45:0,-24.98,-28.75,-9.76,39.32
15:41:45:0,-27.09,-28.61,-7.14,40.04
15:41:45:0,-26.72,-28.09,-6.77,39.35
15:41:45:0,-26.24,-27.41,-6.30,38.46
15:41:45:0,-27.31,-27.53,-5.48,39.16
15:41:45:0,-27.78,-27.58,-5.12,39.48
15:41:45:1,-28.92,-27.42,-3.36,40.00
15:41:45:1,-29.05,-27.16,-3.35,39.90
15:41:45:1,-29.49,-25.53,-3.78,39.19
15:41:45:1,-29.69,-25.19,-2.92,39.05
15:41:45:1,-30.00,-24.67,-1.60,38.88
15:41:45:2,-31.58,-24.90,-1.38,40.23
15:41:45:2,-32.40,-25.02,-1.27,40.95
15:41:45:2,-32.24,-23.60,0.42,39.96
15:41:45:2,-32.31,-23.33,0.50,39.85
15:41:45:2,-33.08,-21.94,-0.26,39.69
15:41:45:2,-33.14,-22.24,-0.20,39.91
15:41:45:3,-33.25,-22.79,-0.10,40.31
15:41:45:3,-34.20,-22.48,0.21,40.92
15:41:45:3,-34.79,-22.28,0.41,41.31
15:41:45:3,-33.89,-21.38,0.99,40.09
15:41:45:3,-33.84,-21.23,1.13,39.97
15:41:45:3,-35.13,-20.91,2.08,40.94
15:41:45:4,-35.19,-21.29,2.56,41.21
15:41:45:4,-35.31,-22.11,3.59,41.81
15:41:45:4,-34.81,-22.01,3.30,41.32
15:41:45:4,-34.45,-21.94,3.09,40.96
15:41:45:4,-34.88,-21.51,3.79,41.15
15:41:45:5,-34.98,-21.41,3.91,41.20
15:41:45:5,-35.99,-20.40,2.58,41.45
15:41:45:5,-35.85,-20.44,2.91,41.37
15:41:45:5,-35.48,-20.57,3.76,41.18
15:41:45:5,-35.11,-20.75,3.40,40.93
15:41:45:5,-34.79,-20.91,3.09,40.71
15:41:45:5,-36.70,-20.64,2.82,42.20
15:41:45:5,-37.19,-20.57,2.75,42.58
15:41:45:6,-34.96,-20.40,4.26,40.70
15:41:45:6,-34.92,-20.36,3.99,40.62
15:41:45:6,-34.79,-20.23,3.09,40.36
15:41:45:6,-34.62,-20.40,3.09,40.30
15:41:45:6,-34.45,-20.57,3.09,40.24
15:41:45:7,-35.49,-20.83,3.09,41.26
15:41:45:7,-35.82,-20.91,3.09,41.59
15:41:45:7,-34.45,-20.57,4.43,40.37
15:41:45:7,-34.25,-20.57,4.23,40.17
15:41:45:7,-33.42,-20.57,3.42,39.39
15:41:45:7,-34.28,-20.96,3.35,40.32
15:41:45:8,-35.31,-21.42,3.25,41.43
15:41:45:8,-33.47,-23.01,2.66,40.71
15:41:45:8,-32.74,-23.65,2.42,40.46
15:41:45:8,-34.08,-22.31,1.11,40.75
15:41:45:8,-34.06,-22.91,1.08,41.06
15:41:45:8,-33.77,-26.39,1.08,42.87
15:41:45:9,-33.55,-25.75,-0.10,42.29
15:41:45:9,-33.25,-24.84,-1.77,41.55
15:41:45:9,-32.10,-25.54,-2.45,41.09
15:41:45:9,-31.54,-25.87,-2.78,40.89
15:41:45:9,-30.74,-27.31,-2.31,41.19
15:41:45:9,-30.55,-27.47,-2.56,41.16
15:41:46:0,-29.49,-27.93,-4.79,40.89
15:41:46:0,-29.30,-27.73,-5.47,40.71
15:41:46:0,-28.97,-27.41,-6.63,40.43
15:41:46:0,-28.76,-27.63,-6.21,40.36
15:41:46:0,-28.63,-27.75,-5.96,40.32
15:41:46:0,-27.26,-27.91,-8.21,39.86
15:41:46:1,-26.99,-27.98,-8.52,39.80
15:41:46:1,-25.72,-28.61,-9.14,39.55
15:41:46:1,-26.01,-28.44,-9.76,39.76
15:41:46:1,-26.58,-28.10,-10.99,40.21
15:41:46:1,-25.66,-27.79,-10.69,39.31
15:41:46:1,-25.04,-27.58,-10.49,38.70
15:41:46:2,-26.07,-28.61,-13.78,41.08
15:41:46:2,-26.31,-28.76,-14.31,41.53
15:41:46:2,-28.46,-28.27,-13.50,42.33
15:41:46:2,-28.77,-28.37,-14.88,43.06
15:41:46:2,-29.49,-28.61,-18.19,44.93
15:41:46:2,-29.96,-29.27,-19.03,46.00
15:41:46:3,-30.34,-29.81,-19.70,46.88
15:41:46:3,-30.76,-30.78,-21.20,48.41
15:41:46:3,-30.86,-31.00,-21.55,48.76
15:41:46:3,-31.37,-30.15,-26.07,50.72
15:41:46:3,-31.85,-30.63,-26.20,51.37
15:41:46:3,-33.25,-32.03,-26.57,53.27
15:41:46:4,-33.87,-32.30,-27.69,54.38
15:41:46:4,-34.45,-32.54,-28.75,55.43
15:41:46:4,-33.79,-31.88,-30.44,55.54
15:41:46:4,-33.59,-31.69,-30.93,55.58
15:41:46:4,-33.94,-31.35,-32.94,56.74
15:41:46:4,-34.34,-31.67,-33.40,57.43
15:41:46:5,-35.82,-32.89,-35.12,59.98
15:41:46:5,-34.36,-33.53,-36.07,60.05
15:41:46:5,-32.74,-34.25,-37.13,60.20
15:41:46:5,-34.50,-35.76,-36.64,61.74
15:41:46:5,-35.13,-36.31,-36.46,62.31
15:41:46:5,-34.96,-35.46,-35.29,61.04
15:41:46:6,-34.73,-35.45,-35.46,60.99
15:41:46:6,-33.59,-35.45,-36.29,60.85
15:41:46:6,-33.67,-35.23,-36.36,60.80
15:41:46:6,-33.77,-34.94,-36.46,60.75
15:41:46:6,-33.77,-35.18,-36.00,60.61
15:41:46:6,-33.77,-35.28,-35.79,60.55
15:41:46:7,-33.60,-33.82,-34.99,59.13
15:41:46:7,-33.73,-33.83,-34.95,59.19
15:41:46:7,-34.62,-34.43,-34.95,60.05
15:41:46:7,-34.22,-34.56,-34.69,59.74
15:41:46:7,-33.59,-34.77,-34.28,59.27
15:41:46:7,-33.26,-35.33,-32.20,58.23
15:41:46:8,-33.08,-35.62,-31.10,57.71
15:41:46:8,-33.55,-35.16,-30.03,57.12
15:41:46:8,-33.61,-35.25,-29.79,57.09
15:41:46:8,-33.77,-36.65,-28.42,57.37
15:41:46:8,-33.22,-36.59,-27.29,56.46
15:41:46:8,-32.23,-36.48,-25.23,54.83
15:41:46:9,-31.49,-37.21,-23.90,54.29
15:41:46:9,-31.03,-37.68,-23.05,53.98
15:41:46:9,-30.28,-38.73,-21.15,53.52
15:41:46:9,-30.24,-38.85,-20.85,53.46
15:41:46:9,-31.37,-38.36,-20.37,53.58
15:41:47:0,-30.89,-37.99,-20.01,52.89
15:41:47:0,-29.83,-37.16,-19.20,51.38
15:41:47:0,-30.32,-36.87,-18.33,51.14
15:41:47:0,-30.69,-36.65,-17.69,50.97
15:41:47:0,-29.83,-35.22,-18.25,49.63
15:41:47:0,-29.67,-34.93,-18.37,49.38
15:41:47:1,-30.34,-34.60,-18.70,49.67
15:41:47:1,-30.34,-34.32,-18.70,49.48
15:41:47:1,-30.34,-33.57,-18.70,48.96
15:41:47:1,-30.80,-33.11,-19.32,49.18
15:41:47:1,-31.20,-32.71,-19.87,49.38
15:41:47:1,-30.79,-29.05,-21.33,47.41
15:41:47:1,-30.69,-28.10,-21.71,46.93
15:41:47:2,-33.42,-26.39,-20.71,47.35
15:41:47:2,-33.34,-25.74,-20.47,46.83
15:41:47:2,-33.08,-23.65,-19.70,45.19
15:41:47:2,-33.51,-22.71,-21.28,45.73
15:41:47:2,-33.94,-21.77,-22.89,46.36
15:41:47:2,-34.84,-19.31,-23.01,46.01
15:41:47:3,-35.13,-18.52,-23.05,45.92
15:41:47:3,-36.50,-16.46,-26.41,47.97
15:41:47:3,-36.20,-16.02,-26.31,47.53
15:41:47:3,-34.96,-14.24,-25.90,45.78
15:41:47:3,-35.43,-12.68,-25.44,45.43
15:41:47:3,-35.99,-10.82,-24.90,45.08
15:41:47:4,-37.58,-9.47,-26.46,46.93
15:41:47:4,-38.21,-8.93,-27.08,47.68
15:41:47:4,-37.04,-7.09,-28.22,47.11
15:41:47:4,-37.02,-6.62,-28.30,47.06
15:41:47:4,-37.02,-4.31,-28.58,46.97
15:41:47:5,-36.37,-3.81,-28.09,46.12
15:41:47:5,-35.48,-3.12,-27.41,44.94
15:41:47:5,-35.25,-2.42,-29.45,46.00
15:41:47:5,-35.13,-2.09,-30.43,46.53
15:41:47:5,-35.30,-0.97,-30.27,46.51
15:41:47:5,-35.31,-1.05,-30.22,46.48
15:41:47:6,-35.31,-2.26,-29.93,46.34
15:41:47:6,-34.98,-2.20,-30.37,46.38
15:41:47:6,-34.45,-2.09,-31.10,46.46
15:41:47:6,-35.21,-0.23,-30.13,46.35
15:41:47:6,-35.65,0.82,-29.59,46.34
15:41:47:6,-34.88,0.36,-30.94,46.63
15:41:47:7,-34.75,0.45,-31.16,46.68
15:41:47:7,-34.28,2.19,-31.94,46.90
15:41:47:7,-34.45,2.01,-31.88,46.98
15:41:47:7,-34.79,1.67,-31.77,47.14
15:41:47:7,-33.97,1.88,-31.37,46.28
15:41:47:7,-33.42,2.02,-31.10,45.70
15:41:47:7,-32.98,1.28,-31.24,45.45
15:41:47:8,-32.94,1.15,-31.27,45.44
15:41:47:8,-33.77,0.99,-31.43,46.14
15:41:47:8,-33.77,1.40,-31.53,46.22
15:41:47:8,-33.77,2.36,-31.77,46.42
15:41:47:8,-33.86,2.26,-31.67,46.42
15:41:48:0,-33.94,2.19,-31.60,46.42
15:41:48:0,-33.66,1.07,-32.15,46.56
15:41:48:0,-33.59,0.82,-32.27,46.59
15:41:48:0,-34.28,2.19,-31.60,46.67
15:41:48:0,-33.97,2.14,-31.90,46.65
15:41:48:0,-33.08,2.02,-32.77,46.61
15:41:48:0,-32.82,2.99,-32.86,46.54
15:41:48:0,-32.57,3.90,-32.94,46.49
15:41:48:0,-33.23,1.64,-31.51,45.82
15:41:48:0,-33.42,0.99,-31.10,45.66
15:41:48:0,-31.88,2.19,-32.27,45.42
15:41:48:0,-32.21,2.15,-32.09,45.52
15:41:48:1,-33.42,2.02,-31.43,45.93
15:41:48:1,-33.18,1.93,-32.31,46.35
15:41:48:1,-32.91,1.85,-33.28,46.84
15:41:48:1,-33.04,1.97,-32.91,46.67
15:41:48:1,-33.08,2.02,-32.77,46.61
15:41:48:1,-34.45,0.65,-31.10,46.41
15:41:48:2,-34.24,0.68,-31.18,46.32
15:41:48:2,-33.25,0.82,-31.60,45.88
15:41:48:2,-33.63,1.19,-31.67,46.21
15:41:48:2,-34.11,1.67,-31.77,46.64
15:41:48:2,-33.51,1.55,-31.65,46.12
15:41:48:2,-33.25,1.50,-31.60,45.90
15:41:48:3,-33.42,0.69,-31.12,45.67
15:41:48:3,-33.33,0.83,-31.28,45.72
15:41:48:3,-32.74,2.02,-32.44,46.13
15:41:48:3,-33.69,1.88,-32.44,46.81
15:41:48:3,-35.13,1.67,-32.44,47.85
15:41:48:3,-34.46,1.22,-33.10,47.80
15:41:48:4,-34.11,0.99,-33.44,47.78
15:41:48:4,-33.95,2.40,-31.75,46.55
15:41:48:4,-33.94,2.53,-31.60,46.44
15:41:48:4,-33.94,2.53,-31.60,46.44
15:41:48:4,-33.57,2.28,-31.96,46.41
15:41:48:4,-32.91,1.85,-32.61,46.36
15:41:48:5,-32.70,2.27,-32.40,46.09
15:41:48:5,-32.57,2.53,-32.27,45.92
15:41:48:5,-33.17,1.63,-31.98,46.10
15:41:48:5,-33.28,1.49,-31.96,46.17
15:41:48:5,-33.77,1.33,-32.44,46.84
15:41:48:5,-33.55,1.88,-32.33,46.63
15:41:48:6,-33.08,3.04,-32.10,46.20
15:41:48:6,-32.88,1.66,-30.74,45.05
15:41:48:6,-32.74,0.65,-29.76,44.25
15:41:48:6,-33.60,0.36,-30.60,45.45
15:41:48:6,-33.76,0.34,-30.80,45.70
15:41:48:6,-33.25,2.53,-32.61,46.64
15:41:48:7,-33.63,2.15,-32.42,46.76
15:41:48:7,-34.62,1.16,-31.94,47.12
15:41:48:7,-33.98,1.81,-31.48,46.36
15:41:48:7,-33.42,2.36,-31.10,45.71
15:41:48:7,-33.29,3.59,-32.03,46.34
15:41:48:7,-33.25,3.90,-32.27,46.50
15:41:48:8,-34.62,2.19,-31.94,47.15
15:41:48:8,-34.46,2.27,-32.41,47.36
15:41:48:8,-33.94,2.53,-33.95,48.07
15:41:48:8,-33.94,2.19,-32.78,47.23
15:41:48:8,-33.94,1.85,-31.60,46.41
15:41:48:8,-33.94,2.11,-31.09,46.07
15:41:48:9,-33.94,2.19,-30.93,45.97
15:41:48:9,-34.28,2.87,-32.27,47.17
15:41:48:9,-34.01,2.53,-32.34,47.00
15:41:48:9,-32.91,1.16,-32.61,46.34
15:41:48:9,-33.30,2.02,-32.68,46.70
15:41:48:9,-33.77,3.04,-32.77,47.15
15:41:49:0,-34.63,3.66,-31.69,47.08
15:41:49:0,-34.96,3.90,-31.27,47.06
15:41:49:0,-32.28,2.89,-31.59,45.26
15:41:49:0,-32.28,2.98,-31.65,45.31
15:41:49:0,-32.57,3.56,-31.94,45.75
15:41:49:0,-32.86,3.12,-32.22,46.12
15:41:49:1,-33.25,2.53,-32.61,46.64
15:41:49:1,-33.49,2.53,-32.61,46.81
15:41:49:1,-33.59,2.53,-32.61,46.88
15:41:49:1,-33.27,1.56,-32.61,46.61
15:41:49:1,-33.11,1.81,-32.51,46.43
15:41:49:2,-32.05,4.07,-31.77,45.31
15:41:49:2,-32.38,2.96,-31.96,45.59
15:41:49:2,-32.91,1.16,-32.27,46.11
15:41:49:2,-32.91,1.82,-32.06,45.98
15:41:49:2,-32.91,2.19,-31.94,45.91
15:41:49:2,-34.30,2.34,-32.39,47.23
15:41:49:3,-34.26,2.33,-32.38,47.20
15:41:49:3,-32.05,2.02,-31.77,45.18
15:41:49:3,-33.17,1.96,-32.05,46.17
15:41:49:3,-35.31,1.85,-32.61,48.09
15:41:49:3,-34.59,1.74,-33.51,48.19
15:41:49:3,-34.11,1.67,-34.11,48.27
15:41:49:3,-32.78,3.00,-33.68,47.10
15:41:49:4,-32.63,3.19,-33.55,46.91
15:41:49:4,-34.11,2.70,-32.10,46.92
15:41:49:4,-33.85,3.16,-31.85,46.59
15:41:49:4,-33.25,4.24,-31.27,45.84
15:41:49:4,-33.25,2.89,-31.64,45.99
15:41:49:4,-33.25,1.85,-31.94,46.14
15:41:49:5,-33.11,2.83,-33.17,46.96
15:41:49:5,-33.08,3.04,-33.44,47.14
15:41:49:5,-34.79,3.04,-32.10,47.44
15:41:49:5,-34.70,3.22,-31.84,47.21
15:41:49:6,-34.45,3.73,-31.10,46.56
15:41:49:6,-34.54,3.64,-31.36,46.79
15:41:49:6,-34.62,3.56,-31.60,47.01
15:41:49:6,-33.69,3.42,-31.99,46.58
15:41:49:6,-33.42,3.39,-32.10,46.47
15:41:49:6,-34.62,2.19,-31.27,46.70
15:41:49:6,-34.32,2.64,-31.41,46.60
15:41:49:7,-33.25,4.24,-31.94,46.30
15:41:49:7,-33.25,4.24,-31.61,46.08
15:41:49:7,-33.25,4.24,-31.27,45.84
15:41:49:7,-34.27,3.99,-32.01,47.06
15:41:49:7,-34.62,3.90,-32.27,47.49
15:41:49:7,-34.62,3.22,-31.60,46.98
15:41:49:8,-34.59,3.12,-31.57,46.94
15:41:49:8,-34.45,2.70,-31.43,46.71
15:41:49:8,-34.38,2.93,-31.06,46.42
15:41:49:8,-34.28,3.22,-30.60,46.06
15:41:49:8,-34.28,4.42,-30.60,46.16
15:41:49:8,-34.28,4.93,-30.60,46.21
15:41:49:8,-34.12,3.44,-32.37,47.15
15:41:49:9,-34.06,3.34,-31.96,46.83
15:41:49:9,-33.77,3.04,-29.09,44.67
15:41:49:9,-34.25,3.66,-29.56,45.39
15:41:49:9,-34.96,4.58,-30.26,46.47
15:41:49:9,-33.72,4.70,-30.81,45.92
15:41:49:9,-33.08,4.75,-31.10,45.65
15:41:50:0,-33.24,4.28,-31.25,45.82
15:41:50:0,-33.42,4.17,-31.20,45.91
15:41:50:0,-34.96,3.56,-30.60,46.60
15:41:50:0,-34.53,3.87,-31.02,46.58
15:41:50:0,-33.77,4.41,-31.77,46.57
15:41:50:1,-34.51,4.09,-30.83,46.46
15:41:50:1,-34.96,3.90,-30.26,46.40
15:41:50:1,-33.60,4.05,-30.70,45.70
15:41:50:1,-33.48,4.04,-30.84,45.69
15:41:50:1,-34.28,3.56,-31.94,46.99
15:41:50:1,-34.22,3.83,-31.99,47.00
15:41:50:2,-34.11,4.41,-32.10,47.05
15:41:50:2,-34.31,5.01,-31.71,46.99
15:41:50:2,-34.45,5.44,-31.43,46.95
15:41:50:2,-34.31,4.72,-31.86,47.05
15:41:50:2,-34.30,4.58,-31.91,47.07
15:41:50:2,-35.31,4.24,-30.93,47.13
15:41:50:3,-34.97,4.09,-31.07,46.96
15:41:50:3,-34.11,3.73,-31.43,46.53
15:41:50:3,-35.13,3.63,-30.98,46.98
15:41:50:3,-35.99,3.56,-30.60,47.37
15:41:50:3,-35.44,4.66,-30.32,46.87
15:41:50:3,-35.31,4.93,-30.26,46.76
15:41:50:4,-34.62,5.61,-29.93,46.10
15:41:50:4,-34.58,5.23,-30.29,46.27
15:41:50:4,-34.45,4.07,-31.43,46.81
15:41:50:4,-34.45,2.69,-30.42,46.04
15:41:50:4,-34.45,1.33,-29.42,45.32
15:41:50:4,-34.58,0.94,-29.81,45.66
15:41:50:5,-34.62,0.82,-29.93,45.77
15:41:50:5,-35.13,-0.72,-29.42,45.83
15:41:50:5,-35.52,-0.76,-29.32,46.06
15:41:50:5,-37.02,-0.89,-28.92,46.98
15:41:50:5,-36.78,-2.56,-28.22,46.43
15:41:50:5,-36.50,-4.48,-27.41,45.87
15:41:50:6,-36.13,-6.59,-27.53,45.90
15:41:50:6,-35.99,-7.39,-27.58,45.94
15:41:50:6,-34.98,-10.09,-27.58,45.67
15:41:50:6,-34.99,-10.39,-27.55,45.73
15:41:50:6,-35.13,-11.67,-27.41,46.07
15:41:50:6,-35.43,-12.69,-26.55,46.06
15:41:50:7,-35.82,-14.07,-25.40,46.11
15:41:50:7,-33.59,-16.06,-24.82,44.75
15:41:50:7,-32.57,-16.97,-24.56,44.18
15:41:50:7,-33.06,-20.05,-25.04,46.06
15:41:50:7,-33.10,-20.59,-24.87,46.25
15:41:50:7,-33.25,-23.13,-23.56,46.86
15:41:50:8,-32.33,-23.40,-22.78,45.95
15:41:50:8,-30.86,-23.82,-21.55,44.54
15:41:50:8,-31.30,-26.48,-20.89,46.02
15:41:50:8,-31.54,-27.93,-20.54,46.87
15:41:50:8,-29.52,-29.01,-20.69,46.28
15:41:50:8,-29.39,-29.29,-20.49,46.27
15:41:50:9,-30.17,-31.00,-18.19,46.93
15:41:50:9,-29.40,-31.66,-17.55,46.63
15:41:50:9,-27.95,-32.89,-16.35,46.15
15:41:50:9,-27.32,-33.51,-15.94,46.08
15:41:51:0,-26.92,-33.91,-15.68,46.05
15:41:51:0,-28.11,-35.40,-14.22,47.39
15:41:51:0,-28.23,-35.70,-14.01,47.62
15:41:51:0,-27.09,-37.16,-14.17,48.13
15:41:51:0,-26.72,-37.01,-14.22,47.81
15:41:51:0,-25.90,-36.65,-14.34,47.11
15:41:51:0,-25.41,-36.75,-15.58,47.32
15:41:51:0,-25.04,-36.82,-16.52,47.49
15:41:51:1,-26.32,-37.81,-15.27,48.53
15:41:51:1,-26.59,-38.01,-15.03,48.76
15:41:51:1,-27.44,-36.82,-18.19,49.39
15:41:51:1,-27.21,-37.05,-18.15,49.42
15:41:51:1,-26.58,-37.68,-18.03,49.51
15:41:51:1,-27.21,-37.59,-18.12,49.81
15:41:51:2,-27.78,-37.51,-18.19,50.09
15:41:51:2,-27.10,-36.02,-21.50,49.94
15:41:51:2,-26.92,-35.62,-22.38,49.95
15:41:51:2,-27.95,-36.99,-25.40,52.86
15:41:51:2,-27.83,-36.88,-25.90,52.96
15:41:51:2,-27.44,-36.48,-27.58,53.33
15:41:51:3,-27.35,-36.73,-29.47,54.46
15:41:51:3,-27.26,-36.99,-31.43,55.68
15:41:51:3,-25.98,-38.53,-34.95,58.15
15:41:51:3,-25.55,-39.05,-36.13,59.01
15:41:51:3,-24.70,-39.56,-38.64,60.56
15:41:51:4,-24.50,-39.62,-38.96,60.73
15:41:51:4,-23.67,-39.90,-40.32,61.46
15:41:51:4,-23.75,-40.60,-41.15,62.49
15:41:51:4,-23.84,-41.44,-42.16,63.74
15:41:51:4,-24.70,-40.35,-42.04,63.28
15:41:51:4,-25.04,-39.90,-41.99,63.11
15:41:51:4,-25.54,-40.73,-39.55,62.25
15:41:51:5,-25.73,-40.58,-39.76,62.36
15:41:51:5,-26.75,-39.56,-41.32,63.15
15:41:51:5,-26.68,-40.34,-39.59,62.50
15:41:51:5,-26.58,-41.44,-37.13,61.66
15:41:51:5,-27.85,-39.72,-36.34,60.61
15:41:51:5,-28.46,-38.87,-35.96,60.12
15:41:51:6,-28.62,-38.08,-34.24,58.66
15:41:51:6,-28.73,-37.92,-33.98,58.47
15:41:51:6,-29.49,-37.16,-32.94,57.76
15:41:51:6,-29.36,-37.42,-31.94,57.29
15:41:51:6,-29.15,-37.85,-30.26,56.55
15:41:51:6,-29.47,-36.23,-28.46,54.69
15:41:51:7,-29.66,-35.28,-27.41,53.63
15:41:51:7,-28.90,-33.91,-26.06,51.61
15:41:51:7,-28.79,-33.71,-25.67,51.23
15:41:51:7,-28.63,-33.23,-22.72,49.40
15:41:51:7,-27.72,-32.89,-21.82,48.23
15:41:51:7,-25.90,-32.20,-20.04,45.92
15:41:51:8,-25.59,-31.90,-18.54,44.90
15:41:51:8,-25.38,-31.69,-17.52,44.22
15:41:51:8,-25.53,-30.66,-14.51,42.46
15:41:51:8,-25.51,-30.43,-13.85,42.05
15:41:51:8,-24.18,-28.78,-9.65,38.81
15:41:51:9,-23.83,-29.23,-9.80,38.97
15:41:51:9,-22.99,-30.32,-10.15,39.38
15:41:51:9,-22.99,-30.32,-9.59,39.24
15:41:51:9,-22.99,-30.32,-9.14,39.13
15:41:51:9,-25.64,-29.62,-7.37,39.87
15:41:51:9,-26.24,-29.46,-6.97,40.06
15:41:52:0,-27.44,-28.61,-6.46,40.16
15:41:52:0,-27.39,-28.39,-6.25,39.94
15:41:52:0,-27.26,-27.75,-5.63,39.31
15:41:52:0,-28.68,-27.40,-5.10,39.99
15:41:52:0,-30.00,-27.07,-4.62,40.67
15:41:52:0,-28.94,-26.80,-3.06,39.56
15:41:52:0,-28.63,-26.73,-2.61,39.26
15:41:52:1,-29.49,-25.87,-2.44,39.30
15:41:52:1,-29.94,-25.27,-1.93,39.23
15:41:52:1,-31.54,-23.13,-0.10,39.12
15:41:52:1,-31.30,-23.38,-0.34,39.07
15:41:52:1,-31.03,-23.65,-0.60,39.02
15:41:52:1,-31.41,-23.27,0.27,39.09
15:41:52:2,-31.54,-23.13,0.57,39.12
15:41:52:2,-33.59,-23.13,0.24,40.79
15:41:52:2,-33.50,-22.67,0.33,40.46
15:41:52:2,-33.08,-20.57,0.74,38.96
15:41:52:2,-33.16,-20.34,1.41,38.93
15:41:52:3,-33.25,-20.05,2.25,38.90
15:41:52:3,-33.73,-20.77,2.25,39.68
15:41:52:3,-33.94,-21.08,2.25,40.02
15:41:52:3,-34.43,-18.94,1.77,39.34
15:41:52:3,-34.31,-18.76,1.98,39.15
15:41:52:3,-33.42,-18.17,3.42,38.20
15:41:52:4,-33.97,-18.04,3.15,38.59
15:41:52:4,-34.79,-17.83,2.75,39.19
15:41:52:4,-35.13,-17.94,3.09,39.57
15:41:52:4,-35.31,-18.00,3.25,39.76
15:41:52:4,-35.62,-19.27,2.33,40.56
15:41:52:4,-35.60,-19.28,2.30,40.55
15:41:52:5,-35.13,-18.52,2.75,39.81
15:41:52:5,-35.32,-18.70,3.06,40.08
15:41:52:5,-35.65,-19.03,3.59,40.57
15:41:52:5,-35.65,-18.60,3.59,40.37
15:41:52:5,-35.65,-18.34,3.59,40.25
15:41:52:5,-35.20,-19.40,3.15,40.31
15:41:52:6,-35.03,-19.60,3.15,40.27
15:41:52:6,-33.42,-20.57,4.09,39.46
15:41:52:6,-33.75,-20.46,3.88,39.66
15:41:52:6,-34.45,-20.23,3.42,40.09
15:41:52:6,-34.45,-19.83,2.45,39.82
15:41:52:6,-34.45,-19.54,1.75,39.64
15:41:52:6,-33.44,-21.42,2.74,39.81
15:41:52:7,-33.26,-21.78,2.91,39.86
15:41:52:7,-33.59,-22.45,2.58,40.49
15:41:52:7,-33.30,-22.16,2.30,40.07
15:41:52:7,-32.57,-21.42,1.58,39.01
15:41:52:7,-31.73,-21.70,1.49,38.47
15:41:52:8,-31.03,-21.94,1.41,38.02
15:41:52:8,-33.37,-23.18,0.74,40.64
15:41:52:8,-33.94,-23.48,0.57,41.27
15:41:52:8,-31.88,-24.84,-0.77,40.43
15:41:52:8,-31.22,-25.18,-1.17,40.12
15:41:52:8,-29.15,-26.21,-2.44,39.28
15:41:52:9,-29.23,-26.65,-2.70,39.65
15:41:52:9,-29.32,-27.07,-2.94,40.01
15:41:52:9,-29.84,-27.33,-3.20,40.59
15:41:52:9,-30.00,-27.41,-3.28,40.77
15:41:52:9,-27.09,-26.90,-5.46,38.57
15:41:52:9,-27.16,-26.83,-5.94,38.64
15:41:53:0,-27.44,-26.56,-7.80,38.97
15:41:53:0,-27.20,-27.75,-8.04,39.68
15:41:53:0,-26.92,-29.12,-8.31,40.52
15:41:53:0,-26.55,-29.50,-9.16,40.73
15:41:53:0,-26.41,-29.64,-9.48,40.81
15:41:53:0,-27.26,-29.13,-13.62,42.15
15:41:53:1,-27.32,-28.89,-13.78,42.09
15:41:53:1,-27.61,-27.75,-14.34,41.69
15:41:53:1,-28.27,-27.83,-15.70,42.66
15:41:53:1,-29.15,-27.93,-17.52,44.00
15:41:53:1,-28.91,-29.57,-20.52,46.17
15:41:53:1,-28.80,-30.32,-21.88,47.20
15:41:53:2,-31.56,-28.53,-23.63,48.67
15:41:53:2,-32.09,-28.50,-24.18,49.26
15:41:53:2,-34.62,-28.95,-27.24,52.72
15:41:53:2,-35.55,-30.69,-28.68,55.03
15:41:53:2,-37.02,-33.40,-30.93,58.67
15:41:53:2,-38.02,-32.84,-33.88,60.60
15:41:53:3,-38.56,-32.54,-35.46,61.67
15:41:53:3,-38.24,-33.48,-38.51,63.77
15:41:53:3,-38.18,-33.66,-38.90,64.06
15:41:53:3,-37.87,-34.60,-39.81,64.93
15:41:53:3,-37.75,-35.44,-40.64,65.82
15:41:53:3,-37.53,-36.99,-42.16,67.48
15:41:53:4,-36.90,-36.57,-42.16,66.91
15:41:53:4,-36.50,-36.31,-42.16,66.54
15:41:53:4,-36.20,-35.71,-42.16,66.06
15:41:53:4,-36.20,-35.55,-42.11,65.93
15:41:53:4,-36.85,-34.25,-41.15,65.00
15:41:53:4,-36.90,-34.41,-41.62,65.40
15:41:53:5,-37.02,-34.77,-42.66,66.32
15:41:53:5,-36.72,-34.28,-42.18,65.60
15:41:53:5,-36.50,-33.91,-41.82,65.05
15:41:53:5,-36.79,-34.77,-41.26,65.31
15:41:53:5,-36.83,-34.95,-41.09,65.32
15:41:53:6,-35.65,-36.14,-36.29,62.40
15:41:53:6,-35.28,-36.05,-35.66,61.77
15:41:53:6,-34.28,-35.80,-33.95,60.07
15:41:53:6,-34.92,-35.89,-32.96,59.95
15:41:53:6,-35.48,-35.97,-32.10,59.86
15:41:53:6,-35.34,-35.83,-28.78,57.98
15:41:53:6,-35.31,-35.80,-27.91,57.51
15:41:53:7,-33.59,-34.08,-25.90,54.42
15:41:53:7,-33.39,-34.04,-24.84,53.77
15:41:53:7,-32.74,-33.91,-21.38,51.76
15:41:53:7,-33.25,-34.59,-19.22,51.69
15:41:53:7,-33.77,-35.28,-17.02,51.72
15:41:53:7,-34.02,-34.25,-13.74,50.19
15:41:53:8,-34.11,-33.91,-12.66,49.74
15:41:53:8,-33.59,-32.03,-9.48,47.38
15:41:53:8,-33.46,-32.17,-9.02,47.28
15:41:53:8,-32.91,-32.71,-7.14,46.95
15:41:53:8,-33.14,-32.48,-5.99,46.79
15:41:53:8,-33.42,-32.20,-4.62,46.64
15:41:53:9,-33.18,-32.69,-5.34,46.89
15:41:53:9,-33.08,-32.89,-5.63,46.98
15:41:53:9,-33.42,-32.22,-4.32,46.62
15:41:53:9,-33.37,-32.36,-4.34,46.69
15:41:53:9,-33.08,-33.23,-4.62,47.12
15:41:53:9,-33.44,-32.59,-4.27,46.89
15:41:54:0,-33.94,-31.69,-3.78,46.58
15:41:54:0,-33.71,-30.07,-5.15,45.46
15:41:54:0,-33.59,-29.29,-5.79,44.95
15:41:54:0,-34.56,-29.62,-6.74,46.01
15:41:54:0,-34.70,-29.55,-6.92,46.10
15:41:54:1,-35.31,-28.95,-7.80,46.32
15:41:54:1,-35.69,-28.18,-8.31,46.23
15:41:54:1,-36.33,-26.90,-9.14,46.12
15:41:54:1,-36.99,-26.02,-10.22,46.37
15:41:54:1,-37.36,-25.53,-10.82,46.52
15:41:54:1,-37.51,-23.22,-11.58,45.61
15:41:54:2,-37.60,-22.78,-11.65,45.48
15:41:54:2,-38.39,-20.74,-11.49,45.12
15:41:54:2,-37.80,-20.04,-12.06,44.45
15:41:54:2,-36.67,-18.69,-13.17,43.22
15:41:54:2,-38.11,-17.04,-15.38,44.49
15:41:54:2,-39.07,-15.95,-16.85,45.44
15:41:54:3,-38.33,-14.92,-18.15,44.96
15:41:54:3,-38.27,-14.70,-18.37,44.92
15:41:54:3,-39.58,-13.38,-18.70,45.78
15:41:54:3,-39.58,-12.46,-19.40,45.81
15:41:54:3,-39.58,-10.30,-21.04,46.00
15:41:54:3,-39.87,-9.25,-22.82,46.86
15:41:54:3,-40.10,-8.42,-24.23,47.60
15:41:54:4,-38.83,-7.44,-23.54,46.01
15:41:54:4,-38.56,-7.22,-23.39,45.67
15:41:54:4,-38.56,-7.56,-25.74,46.97
15:41:54:4,-38.65,-6.49,-25.65,46.83
15:41:54:4,-38.90,-3.46,-25.40,46.58
15:41:54:5,-37.29,-2.74,-26.28,45.70
15:41:54:5,-35.82,-2.09,-27.08,44.95
15:41:54:5,-36.76,-0.88,-27.21,45.74
15:41:54:5,-37.02,-0.55,-27.24,45.96
15:41:54:5,-37.70,-0.55,-27.24,46.52
15:41:54:6,-37.70,0.06,-26.94,46.34
15:41:54:6,-37.70,2.19,-25.90,45.79
15:41:54:6,-37.62,2.10,-27.12,46.42
15:41:54:6,-37.53,2.02,-28.42,47.12
15:41:54:6,-37.02,3.04,-29.17,47.23
15:41:54:6,-36.85,3.39,-29.42,47.27
15:41:54:6,-35.65,2.19,-28.58,45.74
15:41:54:7,-35.94,2.15,-28.74,46.07
15:41:54:7,-37.19,2.02,-29.42,47.46
15:41:54:7,-36.65,1.94,-28.74,46.61
15:41:54:7,-35.99,1.85,-27.91,45.58
15:41:54:7,-36.23,2.09,-27.91,45.79
15:41:54:7,-36.33,2.19,-27.91,45.87
15:41:54:7,-34.66,2.52,-28.24,44.78
15:41:54:8,-34.96,2.87,-28.43,45.15
15:41:54:8,-36.85,4.75,-29.42,47.39
15:41:54:8,-36.99,4.19,-29.56,47.53
15:41:54:8,-37.19,3.39,-29.76,47.75
15:41:54:8,-36.84,4.19,-29.42,47.33
15:41:54:8,-36.67,4.58,-29.25,47.14
15:41:54:9,-35.55,3.78,-28.78,45.90
15:41:54:9,-35.60,3.81,-28.63,45.84
15:41:54:9,-36.50,4.41,-27.75,46.06
15:41:54:9,-35.85,4.41,-28.25,45.86
15:41:54:9,-34.79,4.41,-29.09,45.56
15:41:55:0,-34.90,4.30,-29.19,45.70
15:41:55:0,-34.96,4.24,-29.25,45.78
15:41:55:0,-36.51,4.24,-29.56,47.16
15:41:55:0,-36.59,4.24,-29.59,47.25
15:41:55:0,-35.65,4.24,-29.59,46.52
15:41:55:0,-35.24,4.30,-29.76,46.32
15:41:55:1,-34.45,4.41,-30.09,45.95
15:41:55:1,-35.48,3.79,-29.89,46.55
15:41:55:1,-36.16,3.39,-29.76,46.95
15:41:55:1,-34.83,4.42,-28.45,45.19
15:41:55:1,-34.72,4.61,-28.32,45.04
15:41:55:1,-36.85,5.10,-29.76,47.63
15:41:55:2,-36.74,5.10,-29.55,47.43
15:41:55:2,-36.50,5.10,-29.09,46.95
15:41:55:2,-35.63,5.58,-29.56,46.63
15:41:55:2,-34.96,5.95,-29.93,46.40
15:41:55:2,-35.96,5.24,-31.18,47.88
15:41:55:2,-36.16,5.09,-31.43,48.18
15:41:55:3,-35.48,4.75,-31.10,47.42
15:41:55:3,-35.48,4.85,-30.83,47.25
15:41:55:3,-35.48,5.10,-30.09,46.80
15:41:55:3,-34.48,5.37,-30.00,46.02
15:41:55:3,-33.59,5.61,-29.93,45.34
15:41:55:3,-35.09,4.66,-29.26,45.92
15:41:55:4,-35.48,4.41,-29.09,46.09
15:41:55:4,-35.65,4.93,-30.60,47.23
15:41:55:4,-35.37,4.73,-30.32,46.83
15:41:55:4,-34.45,4.07,-29.42,45.49
15:41:55:4,-34.28,3.90,-30.25,45.89
15:41:55:4,-34.11,3.73,-31.10,46.31
15:41:55:5,-34.50,3.86,-28.94,45.19
15:41:55:5,-34.62,3.90,-28.25,44.85
15:41:55:5,-35.31,5.61,-29.59,46.41
15:41:55:5,-35.24,5.34,-29.85,46.49
15:41:55:5,-34.96,4.24,-30.93,46.87
15:41:55:5,-35.12,3.77,-31.24,47.15
15:41:55:6,-35.31,3.22,-31.60,47.49
15:41:55:6,-36.54,3.22,-29.91,47.33
15:41:55:6,-37.02,3.22,-29.25,47.29
15:41:55:6,-37.18,4.05,-29.09,47.39
15:41:55:6,-36.81,4.07,-29.19,47.15
15:41:55:6,-34.79,4.07,-29.76,45.96
15:41:55:7,-34.86,4.00,-29.26,45.69
15:41:55:7,-34.96,3.90,-28.58,45.33
15:41:55:7,-35.55,4.01,-29.38,46.29
15:41:55:7,-35.82,4.07,-29.76,46.74
15:41:55:7,-37.59,3.91,-30.23,48.40
15:41:55:7,-37.53,3.98,-30.06,48.25
15:41:55:8,-36.33,4.58,-28.58,46.45
15:41:55:8,-35.61,4.65,-29.03,46.18
15:41:55:8,-34.45,4.75,-29.76,45.77
15:41:55:8,-35.22,4.64,-30.51,46.83
15:41:55:8,-35.65,4.58,-30.93,47.42
15:41:55:8,-36.11,4.43,-29.56,46.88
15:41:55:9,-36.12,4.40,-29.46,46.82
15:41:55:9,-35.65,4.24,-29.93,46.74
15:41:55:9,-35.71,3.71,-29.87,46.70
15:41:55:9,-35.82,2.70,-29.76,46.65
15:41:55:9,-35.40,3.53,-28.74,45.74
15:41:55:9,-35.13,4.07,-28.08,45.16
15:41:56:0,-35.13,3.77,-30.71,46.81
15:41:56:0,-35.18,3.77,-31.02,47.05
15:41:56:0,-35.99,4.58,-29.59,46.82
15:41:56:0,-36.15,4.10,-29.33,46.73
15:41:56:0,-36.50,3.04,-28.75,46.57
15:41:56:0,-35.92,3.24,-29.52,46.60
15:41:56:1,-35.48,3.39,-30.09,46.64
15:41:56:1,-36.33,3.39,-29.25,46.77
15:41:56:1,-36.49,3.40,-29.11,46.80
15:41:56:1,-35.13,4.41,-30.76,46.91
15:41:56:1,-35.46,4.27,-30.44,46.93
15:41:56:1,-36.33,3.90,-29.59,47.02
15:41:56:2,-35.78,3.71,-30.31,47.04
15:41:56:2,-35.31,3.56,-30.93,47.07
15:41:56:2,-36.13,3.28,-30.13,47.15
15:41:56:2,-36.33,3.22,-29.93,47.18
15:41:56:2,-34.79,1.33,-31.43,46.91
15:41:56:3,-34.95,1.66,-31.03,46.77
15:41:56:3,-35.48,2.70,-29.76,46.38
15:41:56:3,-35.48,2.36,-29.92,46.47
15:41:56:3,-35.48,2.02,-30.09,46.56
15:41:56:3,-35.61,2.67,-29.71,46.45
15:41:56:3,-35.65,2.87,-29.59,46.42
15:41:56:4,-35.31,3.56,-29.93,46.42
15:41:56:4,-35.41,3.52,-29.96,46.52
15:41:56:4,-35.82,3.39,-30.09,46.90
15:41:56:4,-35.11,3.46,-29.55,46.02
15:41:56:4,-34.28,3.56,-28.92,44.99
15:41:56:4,-35.15,3.43,-29.77,46.19
15:41:56:4,-35.48,3.39,-30.09,46.64
15:41:56:5,-35.81,2.04,-30.75,47.25
15:41:56:5,-35.87,2.13,-30.76,47.31
15:41:56:5,-36.16,2.70,-30.76,47.55
15:41:56:5,-35.80,2.92,-30.69,47.24
15:41:56:6,-35.31,3.22,-30.60,46.83
15:41:56:6,-34.84,3.68,-31.28,46.97
15:41:56:6,-34.62,3.90,-31.60,47.04
15:41:56:6,-33.81,3.09,-30.17,45.42
15:41:56:6,-33.90,2.87,-30.22,45.50
15:41:56:6,-34.79,1.67,-31.10,46.69
15:41:56:6,-35.26,2.01,-30.90,46.93
15:41:56:7,-35.99,2.53,-30.60,47.30
15:41:56:7,-35.21,2.20,-30.05,46.34
15:41:56:7,-34.79,2.02,-29.76,45.83
15:41:56:7,-34.95,1.86,-30.52,46.44
15:41:56:7,-35.03,1.94,-30.60,46.55
15:41:56:7,-35.65,2.87,-30.60,47.06
15:41:56:8,-36.01,2.99,-30.60,47.35
15:41:56:8,-36.67,3.22,-30.60,47.87
15:41:56:8,-35.94,2.90,-30.49,47.22
15:41:56:8,-35.48,2.70,-30.43,46.82
15:41:56:8,-35.48,2.10,-30.43,46.79
15:41:56:8,-35.51,2.02,-30.46,46.83
15:41:56:9,-36.16,2.02,-31.10,47.74
15:41:56:9,-35.73,2.23,-30.99,47.35
15:41:56:9,-34.79,2.70,-30.76,46.52
15:41:56:9,-34.99,1.71,-30.76,46.62
15:41:56:9,-35.13,0.99,-30.76,46.71
15:41:56:9,-34.70,0.85,-30.90,46.48
15:41:57:0,-34.63,0.82,-30.92,46.43
15:41:57:0,-35.31,0.82,-30.26,46.51
15:41:57:0,-35.79,1.01,-30.64,47.12
15:41:57:0,-37.02,1.50,-31.60,48.69
15:41:57:0,-35.63,1.41,-31.69,47.70
15:41:57:0,-34.45,1.33,-31.77,46.88
15:41:57:0,-35.00,1.06,-30.15,46.21
15:41:57:1,-35.13,0.99,-29.76,46.05
15:41:57:1,-34.79,1.33,-30.76,46.46
15:41:57:1,-35.17,1.29,-30.64,46.66
15:41:57:1,-36.33,1.16,-30.26,47.30
15:41:57:1,-36.07,0.73,-29.84,46.82
15:41:57:2,-35.82,0.31,-29.42,46.35
15:41:57:2,-35.16,-1.14,-28.78,45.45
15:41:57:2,-34.96,-1.58,-28.58,45.19
15:41:57:2,-36.85,-1.75,-27.75,46.16
15:41:57:2,-36.70,-1.89,-27.68,46.01
15:41:57:2,-36.16,-2.43,-27.41,45.44
15:41:57:3,-36.08,-2.35,-27.17,45.23
15:41:57:3,-35.99,-2.26,-26.91,44.99
15:41:57:3,-37.87,-3.14,-26.54,46.35
15:41:57:3,-38.56,-3.46,-26.41,46.86
15:41:57:3,-37.71,-3.29,-26.24,46.05
15:41:57:3,-37.85,-3.61,-26.21,46.18
15:41:57:4,-38.56,-5.17,-26.07,46.83
15:41:57:4,-38.18,-5.39,-25.71,46.35
15:41:57:4,-37.70,-5.68,-25.23,45.72
15:41:57:4,-38.18,-6.64,-24.53,45.86
15:41:57:4,-38.39,-7.05,-24.23,45.94
15:41:57:4,-37.57,-7.87,-24.71,45.65
15:41:57:5,-37.72,-8.37,-24.32,45.65
15:41:57:5,-38.90,-11.33,-21.71,45.97
15:41:57:5,-38.83,-10.71,-21.38,45.60
15:41:57:5,-38.73,-9.79,-20.88,45.07
15:41:57:5,-39.18,-11.82,-19.77,45.45
15:41:57:5,-39.41,-12.87,-19.20,45.69
15:41:57:5,-38.62,-15.86,-17.19,45.16
15:41:57:6,-38.56,-16.26,-17.12,45.21
15:41:57:6,-38.56,-17.49,-18.03,46.01
15:41:57:6,-37.94,-17.49,-17.78,45.40
15:41:57:6,-36.85,-17.49,-17.36,44.32
15:41:57:6,-36.85,-19.20,-16.52,44.71
15:41:57:7,-36.85,-20.23,-16.02,44.98
15:41:57:7,-35.18,-23.10,-15.87,44.98
15:41:57:7,-34.93,-23.58,-15.95,45.06
15:41:57:7,-34.45,-25.02,-17.36,45.98
15:41:57:7,-34.34,-25.80,-17.14,46.24
15:41:57:7,-34.11,-27.41,-16.69,46.83
15:41:57:8,-32.40,-29.33,-16.59,46.74
15:41:57:8,-31.20,-30.66,-16.52,46.76
15:41:57:8,-31.49,-31.54,-15.09,47.05
15:41:57:8,-31.54,-31.77,-14.86,47.17
15:41:57:8,-31.37,-34.60,-15.35,49.16
15:41:57:8,-31.07,-34.90,-15.54,49.24
15:41:57:9,-30.34,-35.62,-16.02,49.46
15:41:57:9,-29.40,-35.44,-15.83,48.69
15:41:57:9,-28.63,-35.28,-15.68,48.07
15:41:57:9,-27.80,-37.79,-16.50,49.73
15:41:57:9,-27.61,-38.36,-16.69,50.12
15:41:58:0,-27.26,-40.07,-15.68,50.94
15:41:58:0,-27.05,-40.12,-15.72,50.87
15:41:58:0,-26.41,-40.24,-15.85,50.68
15:41:58:0,-27.65,-41.31,-15.33,52.02
15:41:58:0,-28.80,-42.30,-14.84,53.28
15:41:58:0,-27.47,-40.70,-15.89,51.61
15:41:58:0,-27.09,-40.24,-16.18,51.14
15:41:58:1,-27.61,-40.76,-16.69,51.98
15:41:58:1,-28.02,-40.49,-16.50,51.93
15:41:58:1,-29.49,-39.56,-15.85,51.82
15:41:58:1,-29.65,-39.56,-16.65,52.17
15:41:58:1,-29.83,-39.56,-17.52,52.55
15:41:58:1,-28.69,-40.19,-17.65,52.44
15:41:58:2,-28.29,-40.41,-17.69,52.41
15:41:58:2,-29.32,-41.78,-18.03,54.13
15:41:58:2,-29.22,-41.50,-18.24,53.94
15:41:58:2,-28.80,-40.24,-19.20,53.08
15:41:58:2,-28.35,-40.09,-20.54,53.23
15:41:58:2,-27.78,-39.90,-22.22,53.45
15:41:58:3,-27.78,-40.14,-21.74,53.44
15:41:58:3,-27.78,-40.24,-21.55,53.44
15:41:58:3,-26.95,-38.75,-23.01,52.51
15:41:58:3,-26.87,-38.81,-23.05,52.53
15:41:58:3,-26.58,-39.39,-23.05,52.81
15:41:58:3,-26.79,-38.76,-22.30,52.13
15:41:58:4,-27.09,-37.85,-21.21,51.15
15:41:58:4,-27.21,-38.88,-22.00,52.31
15:41:58:4,-27.26,-39.39,-22.38,52.88
15:41:58:4,-28.06,-37.32,-21.91,51.58
15:41:58:4,-28.04,-37.20,-21.92,51.49
15:41:58:5,-27.44,-37.51,-22.22,51.51
15:41:58:5,-27.56,-38.02,-21.72,51.74
15:41:58:5,-27.78,-38.87,-20.88,52.14
15:41:58:5,-27.45,-37.03,-20.34,50.39
15:41:58:5,-27.26,-35.97,-20.04,49.38
15:41:58:5,-28.03,-35.81,-18.39,49.06
15:41:58:6,-28.03,-35.73,-18.16,48.91
15:41:58:6,-26.92,-34.94,-17.69,47.52
15:41:58:6,-26.52,-35.11,-16.28,46.92
15:41:58:6,-25.72,-35.45,-13.50,45.84
15:41:58:6,-26.34,-35.25,-13.30,45.97
15:41:58:6,-26.75,-35.11,-13.17,46.06
15:41:58:6,-26.31,-34.38,-11.29,44.74
15:41:58:7,-26.31,-34.19,-10.95,44.50
15:41:58:7,-27.95,-32.54,-9.98,44.04
15:41:58:7,-27.43,-32.34,-8.87,43.33
15:41:58:7,-26.24,-31.86,-6.30,41.75
15:41:58:7,-25.56,-31.96,-6.58,41.45
15:41:58:8,-25.04,-32.03,-6.80,41.22
15:41:58:8,-25.46,-32.73,-5.83,41.88
15:41:58:8,-25.55,-32.88,-5.62,42.02
15:41:58:8,-25.55,-31.52,-2.94,40.68
15:41:58:8,-25.60,-31.20,-2.46,40.43
15:41:58:8,-25.72,-30.32,-1.10,39.78
15:41:58:9,-26.35,-30.05,-1.36,39.99
15:41:58:9,-26.92,-29.81,-1.60,40.20
15:41:58:9,-26.38,-29.27,1.56,39.44
15:41:58:9,-26.24,-29.12,2.42,39.27
15:41:58:9,-27.44,-30.32,0.91,40.90
15:41:58:9,-27.51,-30.01,1.68,40.75
15:41:59:0,-27.78,-28.95,4.26,40.35
15:41:59:0,-28.53,-28.70,3.19,40.60
15:41:59:0,-29.32,-28.44,2.08,40.90
15:41:59:0,-28.93,-27.54,3.72,40.12
15:41:59:0,-28.80,-27.24,4.26,39.87
15:41:59:0,-29.32,-25.70,6.11,39.46
15:41:59:1,-29.42,-25.60,6.27,39.50
15:41:59:1,-29.83,-25.19,6.94,39.65
15:41:59:1,-30.92,-24.10,6.79,39.79
15:41:59:1,-32.23,-22.79,6.61,40.02
15:41:59:1,-32.23,-22.79,7.09,40.10
15:41:59:1,-32.23,-22.79,7.28,40.14
15:41:59:1,-33.23,-22.12,8.26,40.77
15:41:59:2,-33.04,-21.89,8.18,40.47
15:41:59:2,-31.88,-20.74,7.61,38.79
15:41:59:2,-33.03,-20.88,8.31,39.95
15:41:59:2,-34.62,-21.08,9.29,41.58
15:41:59:2,-34.16,-20.38,8.38,40.65
15:41:59:2,-33.94,-20.05,7.95,40.21
15:41:59:3,-34.26,-20.05,9.21,40.75
15:41:59:3,-34.15,-20.22,9.49,40.81
15:41:59:3,-33.25,-21.42,10.96,41.05
15:41:59:3,-33.25,-20.64,10.84,40.61
15:41:59:3,-33.25,-19.37,10.63,39.92
15:41:59:4,-33.03,-19.37,11.06,39.86
15:41:59:4,-32.91,-19.37,11.30,39.82
15:41:59:4,-33.22,-18.13,12.21,39.77
15:41:59:4,-33.28,-18.15,12.28,39.85
15:41:59:4,-33.59,-19.71,11.97,40.75
15:41:59:4,-33.59,-18.76,11.39,40.13
15:41:59:5,-33.59,-16.97,10.29,39.02
15:41:59:5,-33.91,-18.54,10.80,40.12
15:41:59:5,-34.11,-19.54,11.13,40.85
15:41:59:5,-33.66,-18.80,11.28,40.17
15:41:59:5,-33.59,-18.78,11.33,40.11
15:41:59:5,-33.42,-20.57,11.80,40.98
15:41:59:6,-33.21,-20.04,11.49,40.45
15:41:59:6,-32.74,-18.86,10.80,39.29
15:41:59:6,-32.64,-20.13,10.51,39.76
15:41:59:6,-32.57,-21.08,10.29,40.14
15:41:59:6,-32.57,-22.51,9.74,40.77
15:41:59:6,-32.57,-22.79,9.61,40.90
15:41:59:7,-32.74,-22.62,8.11,40.61
15:41:59:7,-32.88,-22.58,8.16,40.71
15:41:59:7,-33.25,-22.45,8.28,40.97
15:41:59:7,-32.43,-22.72,7.30,40.26
15:41:59:7,-31.71,-22.96,6.44,39.68
15:41:59:7,-31.71,-24.59,7.77,40.87
15:41:59:7,-31.71,-25.02,8.11,41.20
15:41:59:8,-30.51,-24.84,5.60,39.75
15:41:59:8,-30.47,-25.21,5.09,39.88
15:41:59:8,-30.34,-26.39,3.42,40.36
15:41:59:8,-30.00,-27.07,3.42,40.55
15:41:59:8,-29.66,-27.75,3.42,40.76
15:41:59:9,-28.62,-28.27,1.39,40.25
15:41:59:9,-28.29,-28.44,0.74,40.12
15:41:59:9,-28.63,-29.46,1.41,41.11
15:41:59:9,-28.84,-29.60,0.87,41.34
15:41:59:9,-29.66,-30.15,-1.27,42.31
15:41:59:9,-28.31,-29.44,-1.66,40.88
15:42:00:0,-26.75,-28.61,-2.11,39.22
15:42:00:0,-27.00,-29.85,-2.84,40.35
15:42:00:0,-27.09,-30.32,-3.11,40.78
15:42:00:0,-26.92,-30.15,-4.60,40.68
15:42:00:0,-26.89,-30.23,-4.92,40.76
15:42:00:0,-26.75,-30.66,-6.46,41.20
15:42:00:1,-26.68,-31.18,-6.25,41.51
15:42:00:1,-26.58,-31.86,-5.96,41.92
15:42:00:1,-26.93,-31.27,-6.08,41.72
15:42:00:1,-27.09,-31.00,-6.13,41.63
15:42:00:1,-27.09,-33.28,-7.72,43.60
15:42:00:1,-27.01,-33.27,-8.11,43.61
15:42:00:2,-26.41,-32.37,-10.15,42.99
15:42:00:2,-26.74,-32.84,-11.13,43.79
15:42:00:2,-27.26,-33.57,-12.66,45.06
15:42:00:2,-28.05,-33.91,-13.21,45.94
15:42:00:2,-28.46,-34.08,-13.50,46.41
15:42:00:2,-27.99,-36.12,-15.49,48.25
15:42:00:3,-27.92,-36.25,-15.81,48.40
15:42:00:3,-27.61,-35.62,-17.02,48.18
15:42:00:3,-27.49,-35.99,-17.02,48.38
15:42:00:3,-27.26,-36.65,-17.02,48.75
15:42:00:3,-27.26,-37.28,-18.05,49.59
15:42:00:3,-27.26,-37.68,-18.70,50.12
15:42:00:4,-26.96,-39.48,-20.17,51.89
15:42:00:4,-26.94,-39.73,-20.37,52.15
15:42:00:4,-27.26,-39.73,-20.37,52.32
15:42:00:4,-26.83,-39.95,-20.59,52.34
15:42:00:4,-25.90,-40.41,-21.04,52.41
15:42:00:4,-27.39,-40.91,-21.72,53.81
15:42:00:5,-28.46,-41.27,-22.22,54.84
15:42:00:5,-26.88,-40.84,-22.36,53.76
15:42:00:5,-26.58,-40.80,-22.37,53.58
15:42:00:5,-26.41,-42.64,-21.88,54.72
15:42:00:5,-26.51,-42.35,-21.60,54.43
15:42:00:5,-26.75,-41.61,-20.88,53.69
15:42:00:6,-26.84,-41.71,-21.33,53.99
15:42:00:6,-26.92,-41.78,-21.71,54.24
15:42:00:6,-27.06,-41.92,-20.77,54.05
15:42:00:6,-27.09,-41.95,-20.54,54.00
15:42:00:6,-27.09,-41.27,-20.54,53.47
15:42:00:6,-26.88,-41.56,-20.75,53.67
15:42:00:7,-26.24,-42.47,-21.38,54.30
15:42:00:7,-26.15,-41.86,-20.44,53.42
15:42:00:7,-26.07,-41.27,-19.54,52.58
15:42:00:7,-26.99,-41.67,-19.92,53.49
15:42:00:7,-27.26,-41.78,-20.04,53.77
15:42:00:8,-26.58,-40.76,-21.38,53.15
15:42:00:8,-26.87,-40.68,-20.88,53.04
15:42:00:8,-27.95,-40.41,-19.03,52.69
15:42:00:8,-28.11,-41.39,-18.40,53.31
15:42:00:8,-28.29,-42.47,-17.69,54.01
15:42:00:8,-27.54,-41.21,-16.21,52.15
15:42:00:8,-27.26,-40.76,-15.68,51.48
15:42:00:9,-27.61,-42.47,-14.34,52.64
15:42:00:9,-27.55,-42.23,-13.75,52.26
15:42:00:9,-27.26,-41.10,-10.99,50.53
15:42:00:9,-26.36,-41.10,-10.69,49.99
15:42:00:9,-25.21,-41.10,-10.32,49.31
15:42:00:9,-26.53,-40.50,-9.97,49.43
15:42:01:0,-27.09,-40.24,-9.82,49.50
15:42:01:0,-26.11,-40.90,-7.56,49.11
15:42:01:0,-26.21,-40.98,-7.42,49.21
15:42:01:0,-27.09,-41.27,-7.14,49.88
15:42:01:0,-27.23,-40.86,-6.59,49.54
15:42:01:0,-27.44,-40.24,-5.79,49.05
15:42:01:1,-27.21,-39.56,-7.35,48.57
15:42:01:1,-27.09,-39.22,-8.14,48.36
15:42:01:1,-28.20,-39.69,-8.29,49.39
15:42:01:1,-28.11,-39.59,-8.63,49.31
15:42:01:1,-26.58,-38.36,-11.32,48.02
15:42:01:2,-27.21,-38.11,-11.32,48.18
15:42:01:2,-28.29,-37.68,-11.32,48.46
15:42:01:2,-28.83,-36.49,-11.85,47.99
15:42:01:2,-29.15,-35.80,-12.16,47.74
15:42:01:2,-28.84,-36.41,-11.86,47.94
15:42:01:2,-28.90,-36.19,-11.83,47.80
15:42:01:3,-30.17,-32.37,-11.83,45.81
15:42:01:3,-30.40,-31.92,-12.61,45.85
15:42:01:3,-30.86,-31.00,-14.17,45.98
15:42:01:3,-31.26,-29.38,-14.97,45.44
15:42:01:3,-31.54,-28.27,-15.51,45.11
15:42:01:3,-32.71,-27.68,-16.95,46.08
15:42:01:4,-32.96,-27.56,-17.27,46.30
15:42:01:4,-34.28,-26.90,-19.54,47.75
15:42:01:4,-33.87,-25.78,-19.83,46.96
15:42:01:4,-32.91,-23.13,-20.54,45.17
15:42:01:4,-34.06,-21.80,-20.92,45.52
15:42:01:4,-34.96,-20.74,-21.21,45.85
15:42:01:4,-33.98,-18.63,-23.55,45.35
15:42:01:5,-33.77,-18.17,-24.06,45.27
15:42:01:5,-33.77,-16.46,-23.72,44.43
15:42:01:5,-34.48,-15.83,-24.60,45.22
15:42:01:5,-36.50,-14.07,-27.08,47.58
15:42:01:5,-36.06,-12.19,-27.16,46.76
15:42:01:5,-35.65,-10.47,-27.24,46.07
15:42:01:6,-35.78,-7.92,-28.16,46.22
15:42:01:6,-35.82,-7.22,-28.42,46.29
15:42:01:6,-36.16,-5.17,-28.75,46.49
15:42:01:6,-35.89,-4.59,-28.79,46.24
15:42:01:6,-34.96,-2.60,-28.92,45.45
15:42:01:7,-35.63,-2.27,-28.92,45.95
15:42:01:7,-36.33,-1.92,-28.92,46.48
15:42:01:7,-36.46,-0.51,-28.04,46.00
15:42:01:7,-36.50,-0.04,-27.75,45.85
15:42:01:7,-36.33,0.13,-27.58,45.61
15:42:01:7,-36.17,0.36,-27.67,45.54
15:42:01:8,-35.48,1.33,-28.08,45.27
15:42:01:8,-35.79,1.64,-28.23,45.61
15:42:01:8,-36.16,2.02,-28.42,46.03
15:42:01:8,-35.92,3.23,-29.85,46.81
15:42:01:8,-35.82,3.73,-30.43,47.15
15:42:01:8,-35.82,4.06,-29.45,46.55
15:42:01:9,-35.66,3.91,-29.37,46.36
15:42:01:9,-34.79,3.04,-29.09,45.45
15:42:01:9,-34.86,3.40,-29.16,45.58
15:42:01:9,-34.96,3.90,-29.25,45.75
15:42:01:9,-35.54,4.25,-29.37,46.30
15:42:01:9,-35.82,4.41,-29.42,46.56
15:42:02:0,-35.66,5.21,-30.52,47.23
15:42:02:0,-35.65,5.15,-30.63,47.28
15:42:02:0,-35.65,4.24,-30.93,47.39
15:42:02:0,-35.45,4.44,-30.23,46.80
15:42:02:0,-35.13,4.75,-29.09,45.86
15:42:02:0,-35.90,4.64,-29.41,46.64
15:42:02:1,-36.33,4.58,-29.59,47.08
15:42:02:1,-35.71,6.13,-29.29,46.59
15:42:02:1,-35.56,6.21,-29.36,46.54
15:42:02:1,-34.62,5.27,-30.60,46.50
15:42:02:1,-34.68,4.74,-30.19,46.22
15:42:02:1,-34.79,3.73,-29.42,45.72
15:42:02:2,-35.73,4.25,-30.54,47.19
15:42:02:2,-36.33,4.58,-31.27,48.15
15:42:02:2,-34.40,4.73,-29.37,45.48
15:42:02:2,-34.25,4.74,-29.17,45.24
15:42:02:2,-37.19,4.41,-30.76,48.46
15:42:02:2,-36.76,4.84,-30.24,47.85
15:42:02:3,-35.82,5.78,-29.09,46.50
15:42:02:3,-35.33,5.68,-30.14,46.79
15:42:02:3,-34.96,5.61,-30.93,47.02
15:42:02:3,-34.96,5.61,-30.37,46.65
15:42:02:3,-34.98,5.61,-30.25,46.58
15:42:02:3,-36.33,5.95,-29.25,47.02
15:42:02:4,-36.05,5.76,-29.71,47.07
15:42:02:4,-35.31,5.27,-30.93,47.23
15:42:02:4,-35.22,5.36,-29.94,46.53
15:42:02:4,-35.13,5.44,-29.09,45.94
15:42:02:4,-34.73,5.57,-29.75,46.07
15:42:02:4,-34.62,5.61,-29.93,46.10
15:42:02:5,-34.62,5.61,-30.60,46.54
15:42:02:5,-34.82,5.57,-30.24,46.45
15:42:02:5,-35.48,5.44,-29.09,46.20
15:42:02:5,-35.48,5.61,-28.75,46.01
15:42:02:5,-35.48,5.78,-28.42,45.82
15:42:02:5,-35.61,6.69,-29.56,46.76
15:42:02:6,-35.65,6.98,-29.93,47.06
15:42:02:6,-34.62,5.95,-28.92,45.50
15:42:02:6,-34.41,5.88,-29.05,45.42
15:42:02:6,-33.59,5.61,-29.59,45.12
15:42:02:6,-34.31,5.21,-29.82,45.76
15:42:02:6,-35.13,4.75,-30.09,46.50
15:42:02:7,-34.39,5.25,-28.88,45.21
15:42:02:7,-34.11,5.44,-28.42,44.73
15:42:02:7,-34.78,5.10,-29.41,45.83
15:42:02:7,-35.08,4.98,-29.31,45.98
15:42:02:7,-36.50,4.41,-28.75,46.68
15:42:02:7,-35.48,4.70,-29.04,46.09
15:42:02:8,-34.11,5.10,-29.42,45.33
15:42:02:8,-34.70,5.21,-28.85,45.42
15:42:02:8,-34.96,5.27,-28.58,45.47
15:42:02:8,-33.99,3.97,-29.86,45.42
15:42:02:8,-34.07,4.16,-29.80,45.45
15:42:02:8,-34.96,5.95,-28.92,45.76
15:42:02:9,-34.76,6.15,-28.72,45.51
15:42:02:9,-34.45,6.47,-28.42,45.12
15:42:02:9,-35.01,5.46,-29.40,46.04
15:42:02:9,-35.31,4.93,-29.93,46.54
15:42:02:9,-35.31,5.55,-30.54,47.01
15:42:03:0,-35.35,5.50,-30.49,47.01
15:42:03:0,-35.82,4.41,-29.42,46.56
15:42:03:0,-35.09,4.78,-29.42,46.04
15:42:03:0,-33.77,5.44,-29.42,45.12
15:42:03:0,-35.03,4.59,-30.66,46.78
15:42:03:0,-35.82,4.07,-31.43,47.83
15:42:03:0,-35.22,3.47,-31.14,47.14
15:42:03:1,-35.08,3.40,-31.04,46.96
15:42:03:1,-34.11,3.73,-30.09,45.64
15:42:03:1,-34.60,4.11,-30.15,46.07
15:42:03:1,-35.65,4.93,-30.26,47.02
15:42:03:1,-35.65,4.53,-30.65,47.23
15:42:03:1,-35.65,4.24,-30.93,47.39
15:42:03:2,-33.49,4.39,-30.51,45.51
15:42:03:2,-33.10,4.43,-30.44,45.19
15:42:03:2,-33.94,5.27,-31.27,46.44
15:42:03:2,-34.33,5.07,-31.17,46.64
15:42:03:2,-35.31,4.58,-30.93,47.16
15:42:03:2,-34.75,4.96,-30.75,46.66
15:42:03:3,-34.28,5.27,-30.60,46.25
15:42:03:3,-34.14,3.75,-31.81,46.82
15:42:03:3,-34.11,3.39,-32.10,46.96
15:42:03:3,-35.31,3.22,-30.60,46.83
15:42:03:3,-34.72,3.64,-30.84,46.58
15:42:03:3,-32.91,4.93,-31.60,45.89
15:42:03:4,-33.78,4.58,-31.60,46.48
15:42:03:4,-34.62,4.24,-31.60,47.07
15:42:03:4,-33.70,3.84,-30.69,45.74
15:42:03:4,-33.42,3.73,-30.43,45.35
15:42:03:4,-35.48,5.44,-31.77,47.93
15:42:03:5,-35.30,5.33,-31.59,47.67
15:42:03:5,-34.62,4.93,-30.93,46.69
15:42:03:5,-34.54,4.84,-30.85,46.57
15:42:03:5,-34.45,4.75,-30.76,46.43
15:42:03:5,-33.95,4.75,-31.75,46.72
15:42:03:5,-33.77,4.75,-32.10,46.83
15:42:03:5,-33.42,5.78,-30.77,45.80
15:42:03:6,-33.39,5.69,-30.85,45.82
15:42:03:6,-33.25,5.27,-31.27,45.95
15:42:03:6,-32.66,4.97,-30.97,45.28
15:42:03:6,-31.88,4.58,-30.60,44.43
15:42:03:6,-33.68,5.42,-30.48,45.74
15:42:03:6,-34.45,5.78,-30.43,46.33
15:42:03:7,-33.63,4.96,-32.20,46.82
15:42:03:7,-33.45,4.97,-31.99,46.55
15:42:03:7,-32.57,5.27,-30.26,44.77
15:42:03:7,-32.84,5.13,-30.80,45.31
15:42:03:7,-33.25,4.93,-31.60,46.14
15:42:03:8,-33.25,4.93,-31.60,46.14
15:42:03:8,-33.25,4.93,-31.60,46.14
15:42:03:8,-32.62,5.24,-31.60,45.72
15:42:03:8,-32.71,5.27,-31.63,45.81
15:42:03:8,-33.94,5.27,-31.94,46.90
15:42:03:8,-34.13,5.46,-31.63,46.85
15:42:03:9,-34.45,5.78,-31.10,46.77
15:42:03:9,-34.99,6.10,-31.41,47.42
15:42:03:9,-35.31,6.29,-31.60,47.80
15:42:03:9,-34.39,5.99,-32.20,47.49
15:42:03:9,-34.21,5.88,-32.25,47.38
15:42:03:9,-33.25,4.93,-31.94,46.37
15:42:04:0,-33.48,4.81,-32.38,46.82
15:42:04:0,-33.94,4.58,-33.28,47.75
15:42:04:0,-33.84,4.48,-32.39,47.05
15:42:04:0,-33.77,4.41,-31.77,46.57
15:42:04:0,-34.20,5.73,-29.91,45.80
15:42:04:0,-34.27,5.92,-29.66,45.71
15:42:04:1,-34.11,5.10,-31.77,46.89
15:42:04:1,-34.31,5.20,-31.47,46.85
15:42:04:1,-34.79,5.44,-30.76,46.76
15:42:04:1,-34.32,5.15,-29.92,45.82
15:42:04:1,-33.94,4.93,-29.25,45.08
15:42:04:1,-35.20,2.83,-29.94,46.29
15:42:04:1,-35.48,2.36,-30.09,46.58
15:42:04:2,-34.45,2.70,-31.10,46.49
15:42:04:2,-34.58,2.57,-31.14,46.61
15:42:04:2,-34.96,2.19,-31.27,46.95
15:42:04:2,-34.34,2.10,-31.70,46.78
15:42:04:2,-33.77,2.02,-32.10,46.64
15:42:04:2,-34.43,0.28,-30.40,45.94
15:42:04:3,-34.62,-0.21,-29.93,45.76
15:42:04:3,-34.45,-2.09,-30.43,46.01
15:42:04:3,-34.64,-2.43,-30.09,45.95
15:42:04:3,-35.31,-3.63,-28.92,45.78
15:42:04:3,-35.14,-4.62,-28.92,45.75
15:42:04:4,-34.96,-5.68,-28.92,45.73
15:42:04:4,-35.22,-7.48,-28.92,46.18
15:42:04:4,-35.31,-8.08,-28.92,46.35
15:42:04:4,-34.62,-10.13,-28.25,45.82
15:42:04:4,-34.46,-10.55,-28.22,45.77
15:42:04:4,-33.77,-12.36,-28.08,45.62
15:42:04:5,-33.69,-13.20,-28.46,46.03
15:42:04:5,-33.59,-14.24,-28.92,46.56
15:42:04:5,-34.57,-15.21,-26.78,46.29
15:42:04:5,-34.96,-15.61,-25.90,46.23
15:42:04:5,-33.63,-18.93,-27.20,47.22
15:42:04:5,-33.52,-19.05,-27.01,47.08
15:42:04:6,-33.08,-19.20,-25.74,46.10
15:42:04:6,-32.80,-19.76,-25.32,45.91
15:42:04:6,-32.40,-20.57,-24.73,45.65
15:42:04:6,-33.55,-22.19,-24.96,47.34
15:42:04:6,-34.11,-22.96,-25.07,48.16
15:42:04:6,-32.02,-24.41,-23.96,46.85
15:42:04:7,-31.88,-24.87,-23.89,46.96
15:42:04:7,-31.88,-27.58,-23.89,48.46
15:42:04:7,-31.49,-28.23,-23.64,48.45
15:42:04:7,-30.86,-29.29,-23.22,48.47
15:42:04:7,-30.20,-29.95,-23.44,48.56
15:42:04:7,-29.83,-30.32,-23.56,48.62
15:42:04:8,-29.21,-31.55,-23.25,48.89
15:42:04:8,-29.17,-31.77,-23.14,48.95
15:42:04:8,-29.49,-32.71,-22.22,49.33
15:42:04:8,-29.08,-33.01,-22.27,49.31
15:42:04:8,-28.29,-33.57,-22.38,49.28
15:42:04:8,-29.22,-35.33,-22.28,50.98
15:42:04:9,-29.83,-36.48,-22.22,52.10
15:42:04:9,-27.46,-37.07,-23.09,51.59
15:42:04:9,-27.01,-37.25,-23.21,51.54
15:42:04:9,-25.21,-39.05,-23.05,51.88
15:42:04:9,-25.84,-39.36,-22.74,52.29
15:42:04:9,-27.26,-40.07,-22.05,53.25
15:42:05:0,-26.88,-40.66,-22.24,53.57
15:42:05:0,-26.58,-41.10,-22.38,53.82
15:42:05:0,-26.58,-41.95,-22.66,54.59
15:42:05:0,-26.58,-42.13,-22.73,54.76
15:42:05:0,-26.41,-42.98,-23.89,55.82
15:42:05:0,-26.22,-43.07,-24.07,55.88
15:42:05:1,-25.72,-43.32,-24.56,56.05
15:42:05:1,-26.46,-44.05,-25.28,57.27
15:42:05:1,-27.09,-44.69,-25.90,58.33
15:42:05:1,-26.82,-42.79,-26.17,56.88
15:42:05:1,-26.75,-42.30,-26.24,56.51
15:42:05:1,-26.24,-43.15,-28.08,57.78
15:42:05:2,-26.40,-42.91,-28.16,57.72
15:42:05:2,-26.92,-42.12,-28.42,57.50
15:42:05:2,-26.92,-42.64,-28.92,58.13
15:42:05:2,-26.92,-43.15,-29.42,58.76
15:42:05:2,-27.31,-42.25,-31.33,59.26
15:42:05:2,-27.44,-41.95,-31.94,59.44
15:42:05:3,-27.09,-45.38,-31.60,61.58
15:42:05:3,-26.69,-44.90,-31.93,61.22
15:42:05:3,-25.04,-42.98,-33.28,59.85
15:42:05:3,-25.67,-42.51,-33.12,59.69
15:42:05:3,-26.41,-41.95,-32.94,59.52
15:42:05:3,-25.42,-43.19,-32.70,59.84
15:42:05:4,-25.04,-43.66,-32.61,59.97
15:42:05:4,-25.04,-42.65,-33.60,59.79
15:42:05:4,-25.24,-42.44,-33.75,59.81
15:42:05:4,-26.24,-41.44,-34.45,59.94
15:42:05:4,-26.09,-41.15,-33.59,59.18
15:42:05:4,-25.90,-40.76,-32.44,58.17
15:42:05:5,-25.66,-40.05,-31.74,57.19
15:42:05:5,-25.55,-39.73,-31.43,56.74
15:42:05:5,-27.67,-40.22,-31.59,58.15
15:42:05:5,-27.60,-40.16,-31.43,57.98
15:42:05:5,-26.41,-39.56,-30.26,56.37
15:42:05:5,-26.41,-39.29,-30.26,56.19
15:42:05:6,-26.41,-38.87,-30.26,55.90
15:42:05:6,-27.41,-37.87,-29.06,55.05
15:42:05:6,-27.95,-37.34,-28.42,54.61
15:42:05:6,-28.26,-37.02,-27.49,54.09
15:42:05:6,-28.10,-37.03,-27.16,53.83
15:42:05:7,-26.24,-37.34,-24.73,51.90
15:42:05:7,-26.60,-36.97,-23.89,51.43
15:42:05:7,-27.26,-36.31,-22.38,50.62
15:42:05:7,-27.69,-35.04,-21.14,49.41
15:42:05:7,-27.95,-34.25,-20.37,48.68
15:42:05:7,-28.40,-33.80,-17.28,47.41
15:42:05:8,-28.40,-33.74,-16.69,47.16
15:42:05:8,-27.44,-33.74,-14.17,45.74
15:42:05:8,-27.22,-33.30,-13.20,44.99
15:42:05:8,-26.75,-32.37,-11.16,43.45
15:42:05:8,-25.36,-32.37,-10.57,42.46
15:42:05:8,-24.35,-32.37,-10.15,41.76
15:42:05:8,-23.35,-32.23,-8.60,40.72
15:42:05:9,-23.18,-32.17,-8.28,40.51
15:42:05:9,-24.18,-30.83,-7.30,39.86
15:42:05:9,-24.04,-31.66,-6.40,40.26
15:42:05:9,-23.67,-33.74,-4.12,41.42
15:42:05:9,-23.95,-32.34,-3.29,40.38
15:42:05:9,-24.18,-31.18,-2.61,39.54
15:42:06:0,-24.32,-29.66,-1.93,38.40
15:42:06:0,-24.35,-29.29,-1.77,38.14
15:42:06:0,-24.87,-32.54,-1.27,40.98
15:42:06:0,-25.42,-32.16,-1.14,41.01
15:42:06:0,-27.09,-31.00,-0.77,41.18
15:42:06:1,-26.57,-29.61,0.26,39.79
15:42:06:1,-26.07,-28.27,1.25,38.47
15:42:06:1,-26.86,-29.85,1.25,40.18
15:42:06:1,-27.09,-30.32,1.25,40.68
15:42:06:1,-27.44,-28.95,2.92,39.99
15:42:06:1,-27.76,-28.84,3.03,40.15
15:42:06:2,-28.97,-28.44,3.42,40.74
15:42:06:2,-29.78,-26.98,4.22,40.41
15:42:06:2,-30.69,-25.36,5.10,40.13
15:42:06:2,-31.07,-25.74,3.74,40.51
15:42:06:2,-31.20,-25.87,3.25,40.66
15:42:06:2,-32.05,-24.00,5.09,40.36
15:42:06:3,-31.90,-24.02,5.13,40.26
15:42:06:3,-31.20,-24.16,5.27,39.81
15:42:06:3,-31.88,-23.94,6.08,40.32
15:42:06:3,-32.74,-23.65,7.11,41.01
15:42:06:3,-32.74,-22.45,7.11,40.33
15:42:06:3,-32.74,-21.94,7.11,40.04
15:42:06:3,-33.73,-21.61,10.01,41.29
15:42:06:4,-33.69,-21.19,10.20,41.09
15:42:06:4,-33.25,-18.69,10.63,39.60
15:42:06:4,-33.39,-19.24,10.49,39.94
15:42:06:4,-33.59,-20.05,10.29,40.46
15:42:06:4,-33.59,-19.60,10.96,40.41
15:42:06:4,-33.59,-19.37,11.30,40.39
15:42:06:5,-34.23,-20.00,10.06,40.90
15:42:06:5,-34.32,-19.88,9.99,40.90
15:42:06:5,-34.62,-18.34,10.29,40.51
15:42:06:5,-35.00,-18.72,10.54,41.07
15:42:06:5,-35.65,-19.37,10.96,42.03
15:42:06:6,-34.79,-19.16,10.96,41.20
15:42:06:6,-34.28,-19.03,10.96,40.71
15:42:06:6,-33.37,-19.03,10.67,39.86
15:42:06:6,-33.43,-19.06,10.71,39.95
15:42:06:6,-35.82,-19.54,11.80,42.47
15:42:06:6,-35.48,-19.77,11.58,42.23
15:42:06:7,-34.79,-20.23,11.13,41.75
15:42:06:7,-33.78,-19.01,11.53,40.44
15:42:06:7,-33.08,-18.17,11.80,39.55
15:42:06:7,-33.52,-19.49,11.09,40.33
15:42:06:7,-33.60,-19.72,10.98,40.48
15:42:06:7,-33.77,-19.88,11.47,40.83
15:42:06:8,-33.62,-19.83,11.32,40.64
15:42:06:8,-33.25,-19.71,10.96,40.18
15:42:06:8,-33.06,-20.29,10.03,40.07
15:42:06:8,-32.91,-20.74,9.29,39.99
15:42:06:8,-31.65,-20.88,8.33,38.82
15:42:06:8,-31.37,-20.91,8.11,38.56
15:42:06:9,-33.42,-21.94,7.78,40.73
15:42:06:9,-33.69,-22.38,7.61,41.16
15:42:06:9,-34.45,-23.65,7.11,42.38
15:42:06:9,-33.03,-25.25,7.11,42.18
15:42:06:9,-31.71,-26.73,7.11,42.08
15:42:06:9,-32.11,-24.46,4.37,40.61
15:42:06:9,-32.23,-23.82,3.59,40.23
15:42:07:0,-31.71,-24.67,2.75,40.27
15:42:07:0,-31.56,-25.05,2.75,40.39
15:42:07:0,-31.03,-26.39,2.75,40.82
15:42:07:0,-30.45,-26.63,2.02,40.51
15:42:07:0,-29.83,-26.90,1.25,40.19
15:42:07:1,-29.58,-26.64,0.50,39.81
15:42:07:1,-29.49,-26.56,0.24,39.68
15:42:07:1,-28.63,-29.81,-1.27,41.35
15:42:07:1,-28.70,-29.55,-1.52,41.22
15:42:07:1,-28.97,-28.44,-2.61,40.68
15:42:07:1,-28.97,-29.66,-3.50,41.61
15:42:07:2,-28.97,-31.18,-4.62,42.81
15:42:07:2,-29.58,-31.54,-5.45,43.58
15:42:07:2,-29.83,-31.69,-5.79,43.90
15:42:07:2,-28.67,-31.52,-6.93,43.17
15:42:07:2,-28.38,-31.62,-7.07,43.07
15:42:07:2,-26.92,-32.20,-7.64,42.66
15:42:07:3,-27.20,-32.20,-8.19,42.94
15:42:07:3,-27.61,-32.20,-8.98,43.36
15:42:07:3,-27.61,-31.97,-10.78,43.60
15:42:07:3,-27.61,-31.86,-11.66,43.74
15:42:07:3,-27.93,-33.14,-12.28,45.05
15:42:07:3,-28.14,-33.23,-12.56,45.32
15:42:07:4,-29.66,-33.23,-14.34,46.79
15:42:07:4,-29.08,-33.81,-14.28,46.82
15:42:07:4,-28.12,-34.77,-14.17,46.91
15:42:07:4,-28.56,-34.33,-15.24,47.18
15:42:07:4,-28.80,-34.08,-15.85,47.36
15:42:07:4,-29.11,-35.93,-16.45,49.08
15:42:07:5,-29.05,-36.10,-16.56,49.21
15:42:07:5,-27.95,-35.62,-17.02,48.37
15:42:07:5,-29.05,-35.68,-18.10,49.44
15:42:07:5,-31.20,-35.80,-20.21,51.60
15:42:07:5,-30.17,-36.00,-19.20,50.75
15:42:07:5,-29.49,-36.14,-18.53,50.19
15:42:07:6,-30.23,-37.46,-20.41,52.28
15:42:07:6,-30.29,-37.68,-20.76,52.61
15:42:07:6,-28.97,-37.68,-22.05,52.40
15:42:07:6,-29.03,-37.94,-22.10,52.63
15:42:07:6,-29.15,-38.53,-22.22,53.18
15:42:07:6,-29.05,-38.82,-21.17,52.91
15:42:07:7,-28.97,-39.05,-20.37,52.72
15:42:07:7,-29.40,-39.19,-21.62,53.55
15:42:07:7,-29.47,-39.21,-21.88,53.71
15:42:07:7,-27.09,-37.85,-22.55,51.72
15:42:07:7,-27.78,-38.35,-22.86,52.59
15:42:07:8,-29.66,-39.73,-23.72,54.96
15:42:07:8,-29.48,-39.19,-23.55,54.40
15:42:07:8,-29.32,-38.70,-23.39,53.89
15:42:07:8,-30.13,-38.16,-23.39,53.96
15:42:07:8,-30.34,-38.02,-23.39,53.97
15:42:07:8,-30.34,-40.41,-24.73,56.26
15:42:07:8,-30.27,-40.26,-24.42,55.98
15:42:07:9,-30.00,-39.73,-23.39,55.01
15:42:07:9,-30.00,-39.56,-23.72,55.03
15:42:07:9,-30.00,-39.39,-24.06,55.05
15:42:07:9,-30.52,-39.65,-24.56,55.74
15:42:07:9,-30.69,-39.73,-24.73,55.96
15:42:08:0,-30.34,-40.07,-23.39,55.44
15:42:08:0,-30.58,-40.24,-23.55,55.76
15:42:08:0,-31.54,-40.93,-24.23,57.07
15:42:08:0,-30.84,-40.54,-23.39,56.05
15:42:08:0,-30.00,-40.07,-22.38,54.84
15:42:08:0,-30.99,-41.30,-23.59,56.77
15:42:08:0,-31.37,-41.78,-24.06,57.52
15:42:08:1,-30.53,-41.28,-24.88,57.06
15:42:08:1,-30.35,-41.49,-24.84,57.09
15:42:08:1,-29.49,-42.64,-24.56,57.37
15:42:08:1,-29.63,-41.49,-24.00,56.35
15:42:08:1,-29.83,-39.90,-23.22,54.97
15:42:08:1,-29.37,-40.37,-22.76,54.87
15:42:08:2,-29.15,-40.59,-22.55,54.82
15:42:08:2,-29.63,-40.43,-23.66,55.42
15:42:08:2,-29.64,-40.44,-23.25,55.26
15:42:08:2,-29.49,-40.59,-19.87,53.96
15:42:08:2,-29.49,-40.59,-18.84,53.59
15:42:08:2,-29.49,-40.59,-17.19,53.03
15:42:08:3,-28.60,-40.14,-15.89,51.79
15:42:08:3,-28.12,-39.90,-15.18,51.12
15:42:08:3,-28.74,-40.84,-13.65,51.77
15:42:08:3,-28.70,-40.88,-13.19,51.66
15:42:08:3,-27.61,-40.41,-9.98,49.95
15:42:08:4,-27.25,-40.53,-10.22,49.90
15:42:08:4,-26.58,-40.76,-10.65,49.81
15:42:08:4,-26.58,-40.13,-8.81,48.93
15:42:08:4,-26.58,-39.73,-7.64,48.41
15:42:08:4,-26.43,-41.08,-6.32,49.25
15:42:08:4,-26.30,-41.17,-6.12,49.24
15:42:08:5,-24.18,-39.39,-5.96,46.60
15:42:08:5,-24.88,-39.23,-5.80,46.81
15:42:08:5,-26.41,-38.87,-5.46,47.31
15:42:08:5,-26.31,-39.37,-6.32,47.77
15:42:08:5,-26.24,-39.73,-6.97,48.12
15:42:08:5,-26.24,-38.87,-8.37,47.64
15:42:08:6,-26.27,-38.67,-8.67,47.54
15:42:08:6,-28.29,-36.31,-10.32,47.17
15:42:08:6,-27.77,-36.26,-10.64,46.90
15:42:08:6,-26.41,-36.14,-11.49,46.21
15:42:08:6,-27.79,-35.68,-11.94,46.78
15:42:08:6,-28.97,-35.28,-12.33,47.29
15:42:08:6,-28.70,-32.54,-14.21,45.66
15:42:08:7,-28.63,-31.86,-14.68,45.28
15:42:08:7,-29.66,-31.18,-17.36,46.40
15:42:08:7,-29.82,-30.68,-17.52,46.23
15:42:08:7,-30.34,-29.12,-18.03,45.76
15:42:08:7,-30.69,-27.75,-19.04,45.54
15:42:08:7,-31.03,-26.39,-20.04,45.39
15:42:08:8,-32.86,-23.77,-23.12,46.68
15:42:08:8,-33.42,-22.96,-24.06,47.15
15:42:08:8,-32.91,-21.77,-24.90,46.66
15:42:08:8,-32.91,-21.41,-24.97,46.53
15:42:08:8,-32.91,-20.05,-25.23,46.07
15:42:08:9,-33.71,-17.97,-26.33,46.40
15:42:08:9,-34.62,-15.61,-27.58,46.93
15:42:08:9,-34.00,-13.74,-28.43,46.40
15:42:08:9,-33.77,-13.04,-28.75,46.23
15:42:08:9,-34.28,-10.83,-30.91,47.41
15:42:08:9,-34.19,-10.21,-30.79,47.13
15:42:09:0,-33.77,-7.22,-30.09,45.80
15:42:09:0,-33.91,-6.34,-31.10,46.45
15:42:09:0,-34.11,-5.17,-32.44,47.35
15:42:09:0,-33.28,-4.58,-32.32,46.62
15:42:09:0,-32.91,-4.31,-32.27,46.29
15:42:09:0,-32.42,-2.19,-33.39,46.59
15:42:09:1,-32.33,-1.79,-33.65,46.69
15:42:09:1,-31.88,0.13,-34.95,47.31
15:42:09:1,-31.82,0.47,-34.88,47.22
15:42:09:1,-31.71,0.99,-34.79,47.08
15:42:09:1,-30.48,2.00,-35.12,46.54
15:42:09:1,-29.83,2.53,-35.29,46.28
15:42:09:1,-28.57,1.90,-37.75,47.38
15:42:09:2,-28.48,2.03,-37.85,47.41
15:42:09:2,-28.63,3.73,-36.80,46.77
15:42:09:2,-28.26,4.34,-36.92,46.70
15:42:09:2,-27.61,5.44,-37.13,46.59
15:42:09:2,-27.29,4.27,-35.98,45.36
15:42:09:3,-27.09,3.56,-35.29,44.63
15:42:09:3,-28.61,3.25,-37.95,47.64
15:42:09:3,-28.68,3.26,-38.32,47.98
15:42:09:3,-26.75,3.90,-38.64,47.16
15:42:09:3,-26.81,3.51,-38.37,46.94
15:42:09:3,-26.92,2.70,-37.80,46.49
15:42:09:4,-26.62,3.40,-38.88,47.24
15:42:09:4,-26.41,3.90,-39.64,47.79
15:42:09:4,-26.12,3.03,-37.94,46.16
15:42:09:4,-26.12,2.85,-37.60,45.87
15:42:09:4,-27.95,2.02,-36.46,45.98
15:42:09:4,-28.05,2.31,-36.94,46.44
15:42:09:5,-28.29,3.04,-38.14,47.58
15:42:09:5,-27.63,3.14,-37.86,46.97
15:42:09:5,-27.09,3.22,-37.63,46.48
15:42:09:5,-26.68,1.96,-38.31,46.73
15:42:09:5,-26.58,1.67,-38.47,46.79
15:42:09:5,-27.78,1.50,-37.30,46.53
15:42:09:6,-27.47,1.46,-37.68,46.66
15:42:09:6,-26.58,1.33,-38.81,47.05
15:42:09:6,-26.93,2.04,-38.63,47.14
15:42:09:6,-27.26,2.70,-38.47,47.23
15:42:09:6,-27.66,2.04,-39.38,48.17
15:42:09:6,-27.78,1.85,-39.64,48.44
15:42:09:7,-27.09,2.53,-37.30,46.17
15:42:09:7,-27.21,2.57,-37.48,46.38
15:42:09:7,-27.61,2.70,-38.14,47.16
15:42:09:7,-27.44,3.19,-38.14,47.09
15:42:09:7,-27.26,3.73,-38.14,47.03
15:42:09:7,-27.77,2.96,-38.39,47.47
15:42:09:8,-27.95,2.70,-38.47,47.63
15:42:09:8,-27.09,3.22,-38.30,47.03
15:42:09:8,-26.72,2.96,-38.43,46.90
15:42:09:8,-25.04,1.85,-38.97,46.36
15:42:09:8,-25.50,2.15,-38.82,46.50
15:42:09:8,-26.07,2.53,-38.64,46.68
15:42:09:9,-26.19,3.61,-39.23,47.30
15:42:09:9,-26.24,4.07,-39.48,47.58
15:42:09:9,-25.41,3.24,-40.29,47.74
15:42:09:9,-25.51,3.29,-40.14,47.67
15:42:09:9,-26.24,3.73,-39.14,47.27
15:42:09:9,-26.52,3.31,-38.73,47.05
15:42:10:0,-26.92,2.70,-38.14,46.76
15:42:10:0,-25.66,2.82,-38.47,46.33
15:42:10:0,-25.04,2.87,-38.64,46.13
15:42:10:0,-27.43,3.03,-38.79,47.61
15:42:10:0,-27.51,3.10,-38.82,47.69
15:42:10:1,-26.75,3.56,-38.97,47.40
15:42:10:1,-26.81,3.49,-39.04,47.49
15:42:10:1,-26.92,3.39,-39.14,47.63
15:42:10:1,-26.81,2.84,-38.19,46.75
15:42:10:1,-26.75,2.53,-37.63,46.24
15:42:10:1,-27.06,1.92,-39.43,47.86
15:42:10:2,-27.11,1.96,-39.66,48.08
15:42:10:2,-27.26,3.39,-39.81,48.37
15:42:10:2,-27.21,3.10,-39.75,48.27
15:42:10:2,-27.09,2.53,-39.64,48.08
15:42:10:2,-27.81,3.25,-38.94,47.96
15:42:10:2,-28.29,3.73,-38.47,47.90
15:42:10:2,-27.56,2.70,-38.33,47.28
15:42:10:3,-27.44,2.58,-38.32,47.20
15:42:10:3,-27.44,3.90,-38.64,47.55
15:42:10:3,-27.13,3.49,-38.24,47.01
15:42:10:3,-26.41,2.53,-37.30,45.77
15:42:10:3,-26.79,2.53,-37.86,46.46
15:42:10:3,-27.09,2.53,-38.30,46.99
15:42:10:4,-26.95,1.82,-38.44,46.98
15:42:10:4,-26.92,1.68,-38.47,46.99
15:42:10:4,-26.75,3.90,-38.97,47.43
15:42:10:4,-27.02,3.72,-38.44,47.13
15:42:10:4,-27.78,3.22,-36.96,46.35
15:42:10:4,-27.42,3.76,-38.38,47.31
15:42:10:5,-27.09,4.24,-39.64,48.20
15:42:10:5,-28.31,3.02,-38.72,48.06
15:42:10:5,-28.63,2.70,-38.47,48.03
15:42:10:5,-27.44,3.56,-37.63,46.71
15:42:10:5,-27.71,3.98,-37.67,46.93
15:42:10:5,-28.63,5.44,-37.80,47.73
15:42:10:6,-28.05,4.68,-38.21,47.63
15:42:10:6,-27.44,3.90,-38.64,47.55
15:42:10:6,-26.92,4.93,-39.39,47.97
15:42:10:6,-26.75,5.27,-39.64,48.11
15:42:10:6,-27.09,4.24,-38.30,47.11
15:42:10:7,-27.33,4.21,-38.21,47.16
15:42:10:7,-28.29,4.07,-37.80,47.39
15:42:10:7,-27.90,4.46,-37.88,47.26
15:42:10:7,-27.44,4.93,-37.97,47.10
15:42:10:7,-26.58,3.58,-38.33,46.78
15:42:10:7,-26.24,3.04,-38.47,46.67
15:42:10:8,-26.41,4.21,-38.31,46.72
15:42:10:8,-26.57,4.19,-38.25,46.76
15:42:10:8,-27.44,3.90,-37.97,47.01
15:42:10:8,-27.15,4.04,-38.67,47.42
15:42:10:8,-26.75,4.24,-39.64,48.01
15:42:10:8,-25.59,3.54,-39.41,47.12
15:42:10:8,-25.04,3.22,-39.31,46.72
15:42:10:9,-25.85,3.70,-39.47,47.32
15:42:10:9,-26.15,3.73,-39.44,47.46
15:42:10:9,-27.95,3.73,-39.14,48.24
15:42:10:9,-27.42,3.86,-39.14,47.95
15:42:10:9,-26.58,4.07,-39.14,47.49
15:42:11:0,-26.47,3.74,-38.60,46.95
15:42:11:0,-26.41,3.56,-38.30,46.66
15:42:11:0,-26.41,4.18,-38.91,47.21
15:42:11:0,-26.39,4.25,-39.02,47.30
15:42:11:0,-26.24,4.41,-39.48,47.61
15:42:11:0,-26.54,4.11,-38.95,47.31
15:42:11:1,-27.09,3.56,-37.97,46.78
15:42:11:1,-26.78,3.03,-38.07,46.65
15:42:11:1,-26.58,2.70,-38.14,46.56
15:42:11:1,-27.03,4.04,-37.99,46.80
15:42:11:1,-27.11,4.31,-37.99,46.87
15:42:11:1,-27.44,5.61,-38.30,47.45
15:42:11:2,-27.22,5.29,-38.72,47.63
15:42:11:2,-26.75,4.58,-39.64,48.04
15:42:11:2,-27.34,4.58,-38.87,47.75
15:42:11:2,-27.78,4.58,-38.30,47.54
15:42:11:2,-27.06,5.30,-38.44,47.31
15:42:11:2,-26.93,5.42,-38.44,47.24
15:42:11:3,-27.26,4.41,-36.46,45.74
15:42:11:3,-27.22,4.84,-36.69,45.94
15:42:11:3,-27.09,5.95,-37.30,46.48
15:42:11:3,-27.65,5.58,-36.75,46.33
15:42:11:3,-28.12,5.27,-36.29,46.21
15:42:11:3,-26.88,4.58,-37.77,46.59
15:42:11:3,-26.58,4.41,-38.14,46.69
15:42:11:4,-27.09,4.24,-36.96,46.02
15:42:11:4,-27.22,4.70,-36.92,46.11
15:42:11:4,-27.61,6.12,-36.80,46.41
15:42:11:4,-27.26,5.26,-36.96,46.23
15:42:11:4,-26.92,4.41,-37.13,46.08
15:42:11:5,-26.92,5.20,-37.39,46.36
15:42:11:5,-26.92,5.44,-37.47,46.45
15:42:11:5,-27.26,3.73,-38.47,47.30
15:42:11:5,-27.19,4.22,-38.33,47.19
15:42:11:5,-26.92,6.12,-37.80,46.81
15:42:11:5,-27.16,5.40,-38.19,47.18
15:42:11:6,-27.44,4.58,-38.64,47.61
15:42:11:6,-27.31,4.96,-38.03,47.08
15:42:11:6,-27.26,5.10,-37.80,46.89
15:42:11:6,-26.59,4.08,-38.47,46.94
15:42:11:6,-26.87,4.01,-38.30,46.96
15:42:11:6,-28.29,3.73,-37.47,47.10
15:42:11:7,-27.40,3.43,-36.89,46.08
15:42:11:7,-26.24,3.04,-36.13,44.75
15:42:11:7,-27.19,3.52,-37.06,46.10
15:42:11:7,-27.61,3.73,-37.47,46.69
15:42:11:7,-28.75,3.24,-37.63,47.46
15:42:11:7,-28.57,3.07,-37.36,47.13
15:42:11:8,-27.09,2.19,-35.62,44.81
15:42:11:8,-27.64,1.51,-36.69,45.96
15:42:11:8,-28.46,0.48,-38.30,47.72
15:42:11:8,-28.35,-0.76,-37.09,46.69
15:42:11:8,-28.29,-1.41,-36.46,46.17
15:42:11:8,-28.92,-3.93,-37.39,47.43
15:42:11:9,-28.79,-4.23,-37.41,47.40
15:42:11:9,-27.09,-5.00,-36.96,46.10
15:42:11:9,-27.03,-6.18,-37.02,46.26
15:42:11:9,-26.92,-8.25,-37.13,46.60
15:42:11:9,-26.07,-9.53,-37.13,46.36
15:42:11:9,-25.55,-10.30,-37.13,46.24
15:42:12:0,-26.77,-10.91,-36.83,46.82
15:42:12:0,-26.82,-11.11,-36.83,46.89
15:42:12:0,-25.38,-12.87,-37.30,46.91
15:42:12:0,-25.22,-13.71,-36.91,46.76
15:42:12:0,-24.87,-15.43,-36.13,46.49
15:42:12:0,-23.26,-16.85,-36.52,46.46
15:42:12:1,-22.13,-17.83,-36.80,46.49
15:42:12:1,-22.42,-20.74,-35.37,46.73
15:42:12:1,-22.47,-21.29,-35.10,46.80
15:42:12:1,-22.47,-22.62,-34.45,46.94
15:42:12:1,-22.62,-23.57,-34.30,47.37
15:42:12:1,-22.99,-25.87,-33.95,48.48
15:42:12:2,-23.27,-27.48,-33.30,49.05
15:42:12:2,-23.50,-28.78,-32.77,49.54
15:42:12:2,-21.68,-29.48,-31.81,48.49
15:42:12:2,-21.28,-29.64,-31.60,48.27
15:42:12:2,-21.96,-29.98,-31.27,48.56
15:42:12:3,-21.87,-30.42,-31.18,48.74
15:42:12:3,-21.62,-31.69,-30.93,49.28
15:42:12:3,-21.44,-32.22,-30.41,49.22
15:42:12:3,-21.28,-32.71,-29.93,49.18
15:42:12:3,-22.61,-33.79,-29.40,50.17
15:42:12:3,-22.99,-34.08,-29.25,50.46
15:42:12:3,-22.81,-36.65,-29.42,52.24
15:42:12:4,-22.85,-36.92,-28.94,52.18
15:42:12:4,-22.99,-37.85,-27.24,51.99
15:42:12:4,-23.24,-37.10,-27.32,51.60
15:42:12:4,-23.50,-36.31,-27.41,51.20
15:42:12:4,-23.50,-38.36,-26.16,52.03
15:42:12:4,-23.50,-39.05,-25.74,52.34
15:42:12:5,-24.53,-39.05,-25.74,52.81
15:42:12:5,-24.43,-39.40,-25.77,53.04
15:42:12:5,-24.01,-40.93,-25.90,54.06
15:42:12:5,-24.63,-40.47,-25.60,53.85
15:42:12:5,-25.38,-39.90,-25.23,53.60
15:42:12:5,-24.89,-40.63,-23.80,53.26
15:42:12:6,-24.70,-40.93,-23.22,53.14
15:42:12:6,-25.70,-41.26,-20.94,52.93
15:42:12:6,-25.78,-41.17,-20.72,52.81
15:42:12:6,-26.07,-40.59,-19.87,52.17
15:42:12:6,-26.78,-40.59,-20.70,52.85
15:42:12:7,-27.78,-40.59,-21.88,53.83
15:42:12:7,-27.31,-39.66,-22.11,52.99
15:42:12:7,-27.09,-39.22,-22.22,52.59
15:42:12:7,-25.81,-40.18,-22.22,52.67
15:42:12:7,-25.75,-40.14,-22.24,52.62
15:42:12:7,-25.90,-39.39,-22.38,52.18
15:42:12:7,-25.77,-39.52,-23.91,52.89
15:42:12:8,-25.55,-39.73,-26.41,54.12
15:42:12:8,-25.22,-39.84,-25.44,53.58
15:42:12:8,-25.04,-39.90,-24.90,53.28
15:42:12:8,-25.50,-39.13,-25.35,53.14
15:42:12:8,-25.54,-39.03,-25.41,53.12
15:42:12:9,-25.38,-38.87,-25.57,53.00
15:42:12:9,-25.97,-39.35,-25.34,53.52
15:42:12:9,-27.09,-40.24,-24.90,54.53
15:42:12:9,-27.30,-39.21,-25.10,53.97
15:42:12:9,-27.44,-38.53,-25.23,53.61
15:42:12:9,-26.84,-37.94,-25.81,53.16
15:42:13:0,-26.74,-37.87,-25.83,53.07
15:42:13:0,-26.58,-38.36,-24.39,52.66
15:42:13:0,-26.47,-37.51,-23.46,51.56
15:42:13:0,-26.24,-35.62,-21.38,49.14
15:42:13:0,-26.43,-36.41,-21.76,49.98
15:42:13:0,-26.58,-36.99,-22.05,50.61
15:42:13:0,-26.72,-35.42,-20.51,48.88
15:42:13:1,-26.75,-35.10,-20.15,48.51
15:42:13:1,-26.92,-34.25,-16.02,46.42
15:42:13:1,-26.78,-33.92,-15.78,46.01
15:42:13:1,-26.41,-33.06,-15.18,44.95
15:42:13:1,-27.33,-33.61,-13.38,45.34
15:42:13:1,-28.12,-34.08,-11.83,45.74
15:42:13:2,-28.12,-32.44,-9.68,44.01
15:42:13:2,-28.12,-32.03,-9.14,43.59
15:42:13:2,-26.75,-29.98,-8.47,41.06
15:42:13:2,-26.79,-30.18,-8.03,41.15
15:42:13:2,-26.92,-30.83,-6.63,41.47
15:42:13:3,-27.69,-30.75,-5.38,41.73
15:42:13:3,-28.46,-30.66,-4.12,42.04
15:42:13:3,-26.90,-30.14,-3.10,40.52
15:42:13:3,-26.41,-29.98,-2.78,40.05
15:42:13:3,-27.09,-28.95,-2.44,39.73
15:42:13:3,-27.16,-28.95,-2.24,39.76
15:42:13:4,-27.44,-28.95,-1.44,39.91
15:42:13:4,-27.67,-28.39,-0.11,39.65
15:42:13:4,-27.95,-27.75,1.41,39.41
15:42:13:4,-28.20,-28.25,1.41,39.94
15:42:13:4,-28.29,-28.44,1.41,40.14
15:42:13:4,-30.15,-27.59,3.90,41.06
15:42:13:5,-29.91,-27.38,4.01,40.75
15:42:13:5,-28.63,-26.39,4.43,39.19
15:42:13:5,-28.63,-26.09,4.72,39.02
15:42:13:5,-28.63,-25.70,5.10,38.81
15:42:13:5,-30.17,-26.06,5.22,40.20
15:42:13:5,-30.86,-26.21,5.27,40.83
15:42:13:5,-31.18,-23.93,5.27,39.66
15:42:13:6,-31.18,-23.80,5.60,39.62
15:42:13:6,-31.03,-23.65,7.78,39.78
15:42:13:6,-30.62,-23.65,7.78,39.46
15:42:13:6,-30.00,-23.65,7.78,38.98
15:42:13:6,-30.68,-23.65,8.22,39.60
15:42:13:7,-31.03,-23.65,8.45,39.92
15:42:13:7,-30.24,-23.18,9.83,39.35
15:42:13:7,-30.22,-22.98,10.11,39.29
15:42:13:7,-30.69,-21.59,11.47,39.24
15:42:13:7,-31.12,-21.90,11.65,39.80
15:42:13:7,-31.88,-22.45,11.97,40.79
15:42:13:8,-31.14,-21.49,11.87,39.65
15:42:13:8,-30.69,-20.91,11.80,38.96
15:42:13:8,-31.89,-21.21,13.87,40.74
15:42:13:8,-32.05,-21.30,14.05,40.97
15:42:13:8,-32.05,-21.94,12.47,40.79
15:42:13:8,-31.56,-21.88,12.85,40.50
15:42:13:9,-30.51,-21.77,13.65,39.89
15:42:13:9,-31.02,-21.07,12.76,39.61
15:42:13:9,-31.37,-20.57,12.14,39.43
15:42:13:9,-32.53,-20.86,12.99,40.77
15:42:13:9,-32.77,-20.91,13.17,41.04
15:42:13:9,-33.94,-20.74,14.32,42.27
15:42:14:0,-33.20,-20.49,14.27,41.54
15:42:14:0,-31.37,-19.88,14.15,39.74
15:42:14:0,-31.75,-20.82,13.96,40.45
15:42:14:0,-32.05,-21.59,13.81,41.04
15:42:14:0,-31.22,-19.10,15.17,39.62
15:42:14:0,-31.03,-18.52,15.49,39.31
15:42:14:1,-32.23,-20.74,14.99,41.15
15:42:14:1,-32.27,-20.44,15.03,41.05
15:42:14:1,-32.40,-19.54,15.15,40.76
15:42:14:1,-31.87,-20.24,14.81,40.56
15:42:14:1,-31.37,-20.91,14.48,40.39
15:42:14:1,-31.64,-20.38,14.23,40.23
15:42:14:2,-31.71,-20.23,14.15,40.19
15:42:14:2,-31.37,-19.54,14.82,39.82
15:42:14:2,-31.52,-19.39,14.67,39.81
15:42:14:2,-32.05,-18.86,14.15,39.79
15:42:14:2,-31.73,-19.02,13.99,39.55
15:42:14:2,-31.37,-19.20,13.81,39.29
15:42:14:3,-31.12,-20.21,13.07,39.34
15:42:14:3,-31.03,-20.57,12.81,39.37
15:42:14:3,-32.40,-22.28,14.15,41.79
15:42:14:3,-32.05,-22.18,14.12,41.46
15:42:14:3,-30.51,-21.77,13.98,40.00
15:42:14:3,-30.97,-21.46,13.09,39.89
15:42:14:4,-31.54,-21.08,11.97,39.78
15:42:14:4,-30.58,-23.25,12.44,40.38
15:42:14:4,-30.17,-24.16,12.64,40.67
15:42:14:4,-30.34,-21.35,10.86,38.65
15:42:14:4,-30.55,-21.61,10.65,38.90
15:42:14:4,-31.71,-23.65,9.79,40.75
15:42:14:5,-31.08,-23.86,8.76,40.15
15:42:14:5,-30.17,-24.16,7.28,39.33
15:42:14:5,-29.95,-25.31,7.73,39.96
15:42:14:5,-29.83,-25.87,7.95,40.28
15:42:14:5,-31.27,-26.67,6.54,41.61
15:42:14:5,-31.30,-26.69,6.18,41.59
15:42:14:6,-30.69,-26.39,4.09,40.68
15:42:14:6,-30.11,-26.96,3.28,40.55
15:42:14:6,-29.15,-27.93,1.91,40.41
15:42:14:6,-30.12,-27.60,0.96,40.87
15:42:14:6,-30.69,-27.41,0.41,41.15
15:42:14:6,-28.23,-27.11,1.31,39.16
15:42:14:7,-28.10,-27.15,1.06,39.09
15:42:14:7,-30.00,-28.10,-3.28,41.23
15:42:14:7,-29.48,-28.15,-2.43,40.84
15:42:14:7,-28.46,-28.27,-0.77,40.12
15:42:14:7,-28.77,-29.19,-3.07,41.10
15:42:14:7,-28.97,-29.81,-4.62,41.82
15:42:14:8,-29.27,-28.63,-4.91,41.24
15:42:14:8,-29.34,-28.47,-4.95,41.18
15:42:14:8,-29.83,-29.29,-4.79,42.08
15:42:14:8,-30.09,-29.24,-5.24,42.28
15:42:14:8,-30.69,-29.12,-6.30,42.77
15:42:14:8,-30.20,-29.61,-6.96,42.86
15:42:14:9,-29.83,-29.98,-7.47,42.95
15:42:14:9,-30.68,-31.39,-8.85,44.77
15:42:14:9,-30.86,-31.68,-9.15,45.16
15:42:14:9,-30.86,-30.32,-9.82,44.36
15:42:14:9,-30.58,-30.87,-10.35,44.67
15:42:15:0,-29.83,-32.37,-11.83,45.58
15:42:15:0,-30.82,-32.10,-12.97,46.36
15:42:15:0,-31.71,-31.86,-14.00,47.08
15:42:15:0,-31.17,-32.13,-16.12,47.58
15:42:15:0,-31.03,-32.20,-16.69,47.73
15:42:15:0,-30.17,-32.37,-16.52,47.24
15:42:15:1,-30.48,-32.37,-17.43,47.76
15:42:15:1,-31.54,-32.37,-20.54,49.65
15:42:15:1,-31.46,-32.46,-20.95,49.82
15:42:15:1,-31.37,-32.54,-21.38,50.00
15:42:15:1,-30.34,-33.06,-21.13,49.60
15:42:15:1,-30.00,-33.23,-21.04,49.47
15:42:15:2,-31.37,-33.57,-22.38,51.11
15:42:15:2,-31.24,-33.64,-22.38,51.07
15:42:15:2,-30.69,-33.91,-22.38,50.92
15:42:15:2,-31.31,-33.60,-22.23,51.03
15:42:15:2,-32.05,-33.23,-22.05,51.16
15:42:15:2,-31.93,-33.11,-23.85,51.81
15:42:15:2,-31.88,-33.06,-24.56,52.08
15:42:15:3,-32.56,-34.74,-24.89,53.72
15:42:15:3,-32.49,-34.47,-24.92,53.52
15:42:15:3,-32.05,-32.89,-25.07,52.32
15:42:15:3,-31.77,-32.60,-25.21,52.03
15:42:15:3,-31.37,-32.20,-25.40,51.64
15:42:15:3,-32.07,-33.84,-25.17,52.98
15:42:15:4,-32.40,-34.60,-25.07,53.62
15:42:15:4,-32.24,-34.76,-25.54,53.85
15:42:15:4,-32.40,-34.68,-25.65,53.95
15:42:15:4,-33.59,-34.08,-26.24,54.58
15:42:15:4,-33.46,-34.61,-26.11,54.77
15:42:15:4,-33.25,-35.45,-25.90,55.08
15:42:15:5,-31.92,-34.56,-26.34,53.92
15:42:15:5,-31.20,-34.08,-26.57,53.30
15:42:15:5,-32.76,-33.46,-25.96,53.54
15:42:15:5,-32.94,-33.53,-25.84,53.64
15:42:15:5,-33.25,-34.77,-25.23,54.33
15:42:15:6,-32.53,-34.89,-25.70,54.19
15:42:15:6,-31.20,-35.11,-26.57,53.97
15:42:15:6,-31.94,-34.80,-25.65,53.74
15:42:15:6,-32.40,-34.60,-25.07,53.62
15:42:15:6,-31.35,-36.55,-25.21,54.35
15:42:15:6,-31.33,-36.73,-25.27,54.49
15:42:15:7,-33.59,-35.11,-25.90,55.07
15:42:15:7,-33.16,-35.22,-25.27,54.57
15:42:15:7,-32.23,-35.45,-23.89,53.54
15:42:15:7,-32.52,-35.75,-22.44,53.29
15:42:15:7,-32.74,-35.97,-21.38,53.13
15:42:15:7,-31.30,-36.83,-20.81,52.62
15:42:15:8,-31.05,-36.99,-20.70,52.54
15:42:15:8,-32.23,-36.82,-20.21,52.94
15:42:15:8,-31.79,-37.26,-19.78,52.82
15:42:15:8,-30.69,-38.36,-18.70,52.56
15:42:15:8,-29.85,-39.38,-18.06,52.61
15:42:15:8,-29.15,-40.24,-17.52,52.69
15:42:15:8,-28.32,-39.69,-18.87,52.29
15:42:15:9,-28.12,-39.56,-19.20,52.19
15:42:15:9,-27.78,-39.90,-18.19,51.91
15:42:15:9,-27.74,-39.61,-18.81,51.88
15:42:15:9,-27.61,-38.70,-20.71,51.85
15:42:15:9,-27.87,-37.93,-20.45,51.32
15:42:16:0,-28.12,-37.16,-20.21,50.79
15:42:16:0,-27.99,-35.98,-21.62,50.45
15:42:16:0,-27.95,-35.62,-22.05,50.36
15:42:16:0,-28.12,-33.06,-23.22,49.22
15:42:16:0,-27.87,-32.81,-23.47,49.03
15:42:16:0,-26.92,-31.86,-24.39,48.32
15:42:16:1,-26.76,-30.25,-26.13,48.10
15:42:16:1,-26.58,-28.44,-28.08,48.00
15:42:16:1,-27.83,-27.19,-29.06,48.56
15:42:16:1,-28.29,-26.73,-29.42,48.79
15:42:16:1,-28.63,-24.35,-30.09,48.14
15:42:16:1,-28.84,-23.77,-30.06,47.96
15:42:16:2,-29.83,-21.08,-29.93,47.22
15:42:16:2,-29.98,-20.49,-30.51,47.43
15:42:16:2,-30.17,-19.71,-31.27,47.71
15:42:16:2,-30.53,-18.88,-32.32,48.30
15:42:16:2,-30.69,-18.52,-32.77,48.56
15:42:16:2,-30.36,-14.58,-32.77,46.99
15:42:16:3,-30.23,-14.20,-32.93,46.90
15:42:16:3,-29.49,-12.87,-33.95,46.77
15:42:16:3,-29.69,-12.12,-34.55,47.14
15:42:16:3,-30.00,-10.99,-35.46,47.73
15:42:16:3,-30.46,-9.40,-35.90,48.01
15:42:16:3,-30.69,-8.59,-36.13,48.17
15:42:16:3,-29.90,-5.59,-36.28,47.34
15:42:16:4,-29.80,-5.38,-36.36,47.32
15:42:16:4,-29.49,-5.68,-36.96,47.62
15:42:16:4,-29.74,-4.44,-36.84,47.55
15:42:16:4,-30.17,-2.26,-36.63,47.51
15:42:16:4,-30.07,-1.73,-37.15,47.82
15:42:16:5,-30.00,-1.41,-37.47,48.02
15:42:16:5,-27.57,-0.80,-36.57,45.81
15:42:16:5,-27.26,-0.65,-36.48,45.55
15:42:16:5,-27.26,0.31,-36.80,45.80
15:42:16:5,-27.49,0.75,-37.01,46.11
15:42:16:5,-27.95,1.67,-37.47,46.77
15:42:16:6,-27.75,1.07,-37.27,46.47
15:42:16:6,-27.61,0.65,-37.13,46.27
15:42:16:6,-27.75,1.96,-36.99,46.28
15:42:16:6,-27.75,2.18,-37.03,46.32
15:42:16:6,-26.75,1.85,-38.97,47.31
15:42:16:6,-26.70,1.79,-38.63,46.99
15:42:16:7,-26.58,1.67,-37.80,46.24
15:42:16:7,-27.34,1.48,-38.36,47.13
15:42:16:7,-27.95,1.33,-38.81,47.84
15:42:16:7,-27.81,2.31,-37.30,46.58
15:42:16:7,-27.78,2.53,-36.96,46.31
15:42:16:7,-27.44,3.56,-37.97,46.98
15:42:16:8,-27.35,3.38,-38.14,47.05
15:42:16:8,-27.09,2.87,-38.64,47.28
15:42:16:8,-27.36,2.60,-38.20,47.06
15:42:16:8,-27.61,2.36,-37.80,46.87
15:42:16:8,-27.74,1.69,-37.67,46.81
15:42:16:8,-27.78,1.50,-37.63,46.80
15:42:16:9,-27.78,2.19,-37.30,46.56
15:42:16:9,-27.66,2.00,-37.34,46.51
15:42:16:9,-27.26,1.33,-37.47,46.36
15:42:16:9,-27.76,1.66,-37.79,46.92
15:42:16:9,-28.29,2.02,-38.14,47.53
15:42:16:9,-28.16,2.65,-37.26,46.78
15:42:17:0,-28.12,2.87,-36.96,46.53
15:42:17:0,-26.58,2.02,-37.80,46.25
15:42:17:0,-26.74,1.92,-37.52,46.11
15:42:17:0,-27.44,1.50,-36.29,45.52
15:42:17:0,-27.20,2.19,-37.57,46.44
15:42:17:0,-26.92,3.04,-39.14,47.60
15:42:17:1,-27.41,3.53,-39.62,48.30
15:42:17:1,-27.61,3.73,-39.81,48.59
15:42:17:1,-26.77,1.56,-37.04,45.73
15:42:17:1,-26.86,1.97,-37.07,45.81
15:42:17:1,-27.44,4.58,-37.63,46.80
15:42:17:1,-27.86,4.01,-37.77,47.11
15:42:17:2,-28.46,3.22,-37.97,47.56
15:42:17:2,-28.23,2.29,-37.29,46.82
15:42:17:2,-28.12,1.85,-36.96,46.48
15:42:17:2,-27.64,2.01,-37.43,46.58
15:42:17:2,-27.79,2.04,-37.45,46.68
15:42:17:2,-29.15,2.19,-37.30,47.39
15:42:17:3,-28.63,2.06,-37.55,47.26
15:42:17:3,-27.78,1.85,-37.97,47.08
15:42:17:3,-28.00,2.06,-37.11,46.53
15:42:17:3,-28.12,2.19,-36.63,46.23
15:42:17:3,-28.74,3.42,-37.54,47.40
15:42:17:4,-28.82,3.49,-37.73,47.61
15:42:17:4,-28.97,2.70,-38.81,48.51
15:42:17:4,-28.56,2.76,-38.29,47.85
15:42:17:4,-27.78,2.87,-37.30,46.59
15:42:17:4,-27.98,2.87,-36.69,46.23
15:42:17:4,-28.12,2.87,-36.29,46.00
15:42:17:4,-28.86,2.72,-37.02,47.02
15:42:17:5,-28.91,2.68,-37.08,47.10
15:42:17:5,-27.61,2.36,-36.13,45.53
15:42:17:5,-27.40,2.36,-36.02,45.32
15:42:17:5,-26.92,2.36,-35.79,44.85
15:42:17:5,-28.68,1.97,-36.36,46.35
15:42:17:5,-30.00,1.67,-36.80,47.51
15:42:17:6,-28.29,2.53,-35.68,45.60
15:42:17:6,-27.97,2.70,-35.46,45.25
15:42:17:6,-29.49,2.53,-36.29,46.83
15:42:17:6,-29.35,2.39,-36.43,46.84
15:42:17:6,-28.97,2.02,-36.80,46.88
15:42:17:6,-29.61,2.66,-36.35,46.96
15:42:17:7,-30.17,3.22,-35.96,47.05
15:42:17:7,-29.90,4.03,-36.22,47.14
15:42:17:7,-29.83,4.24,-36.29,47.17
15:42:17:7,-28.97,2.02,-34.79,45.32
15:42:17:7,-29.38,2.02,-35.34,46.00
15:42:17:8,-30.69,2.02,-37.13,48.21
15:42:17:8,-30.86,2.19,-36.30,47.69
15:42:17:8,-31.03,2.36,-35.46,47.17
15:42:17:8,-30.77,2.62,-34.44,46.25
15:42:17:8,-30.69,2.70,-34.11,45.96
15:42:17:8,-30.00,3.04,-35.46,46.55
15:42:17:9,-30.04,3.14,-35.62,46.70
15:42:17:9,-30.17,3.56,-36.29,47.33
15:42:17:9,-30.17,2.77,-35.67,46.80
15:42:17:9,-30.17,1.85,-34.95,46.21
15:42:17:9,-29.18,1.85,-34.71,45.38
15:42:17:9,-28.80,1.85,-34.62,45.07
15:42:17:9,-30.49,3.87,-34.95,46.54
15:42:18:0,-30.26,3.59,-35.15,46.52
15:42:18:0,-28.97,2.02,-36.13,46.35
15:42:18:0,-28.83,2.89,-36.13,46.31
15:42:18:0,-28.63,4.07,-36.13,46.28
15:42:18:0,-30.40,3.48,-36.01,47.26
15:42:18:0,-31.20,3.22,-35.96,47.71
15:42:18:1,-30.39,2.08,-35.48,46.76
15:42:18:1,-30.34,2.06,-35.37,46.65
15:42:18:1,-30.34,2.36,-34.79,46.22
15:42:18:1,-30.34,2.49,-34.79,46.23
15:42:18:1,-30.34,2.70,-34.79,46.24
15:42:18:1,-31.91,2.25,-36.31,48.39
15:42:18:2,-32.74,2.02,-37.13,49.54
15:42:18:2,-28.05,1.39,-35.60,45.34
15:42:18:2,-27.75,1.48,-35.41,45.01
15:42:18:2,-29.15,2.87,-34.95,45.60
15:42:18:2,-29.39,2.87,-34.95,45.76
15:42:18:3,-29.83,2.87,-34.95,46.04
15:42:18:3,-30.15,3.19,-35.88,46.97
15:42:18:3,-30.34,3.39,-36.46,47.56
15:42:18:3,-30.79,2.33,-36.31,47.67
15:42:18:3,-30.73,2.24,-36.19,47.53
15:42:18:3,-28.63,3.04,-34.45,44.90
15:42:18:4,-29.02,2.99,-34.29,45.02
15:42:18:4,-29.83,2.87,-33.95,45.28
15:42:18:4,-29.83,2.28,-34.53,45.69
15:42:18:4,-29.83,1.85,-34.95,45.99
15:42:18:4,-29.25,3.86,-35.52,46.18
15:42:18:4,-29.15,4.17,-35.62,46.21
15:42:18:5,-29.32,0.99,-35.46,46.02
15:42:18:5,-29.80,1.57,-35.64,46.49
15:42:18:5,-31.03,3.04,-36.13,47.72
15:42:18:5,-30.84,2.29,-35.58,47.14
15:42:18:5,-30.69,1.67,-35.12,46.67
15:42:18:5,-29.58,1.67,-35.12,45.95
15:42:18:5,-29.32,1.67,-35.12,45.78
15:42:18:6,-29.66,1.67,-36.13,46.77
15:42:18:6,-29.74,1.84,-36.13,46.83
15:42:18:6,-30.00,2.36,-36.13,47.02
15:42:18:6,-30.44,1.57,-35.36,46.68
15:42:18:6,-30.86,0.82,-34.62,46.38
15:42:18:7,-31.91,1.61,-34.10,46.73
15:42:18:7,-32.23,1.85,-33.95,46.84
15:42:18:7,-31.03,0.65,-35.12,46.87
15:42:18:7,-30.99,0.68,-34.80,46.60
15:42:18:7,-30.86,0.82,-33.61,45.64
15:42:18:7,-30.86,0.33,-34.56,46.33
15:42:18:8,-30.86,-0.21,-35.62,47.13
15:42:18:8,-31.61,0.55,-33.65,46.18
15:42:18:8,-31.88,0.82,-32.94,45.85
15:42:18:8,-32.23,-0.54,-34.94,47.54
15:42:18:8,-32.35,-0.49,-34.54,47.32
15:42:18:8,-32.91,-0.21,-32.61,46.33
15:42:18:9,-33.58,-0.73,-32.24,46.56
15:42:18:9,-34.45,-1.41,-31.77,46.88
15:42:18:9,-33.85,-0.81,-31.88,46.51
15:42:18:9,-33.59,-0.55,-31.94,46.36
15:42:18:9,-34.58,-1.21,-31.29,46.65
15:42:18:9,-34.67,-1.42,-30.99,46.52
15:42:19:0,-34.96,-2.60,-29.25,45.66
15:42:19:0,-34.96,-3.43,-29.25,45.72
15:42:19:0,-34.96,-4.66,-29.25,45.82
15:42:19:0,-35.53,-5.22,-28.48,45.83
15:42:19:0,-35.82,-5.51,-28.08,45.85
15:42:19:0,-35.19,-4.56,-27.15,44.68
15:42:19:1,-35.22,-4.64,-26.99,44.62
15:42:19:1,-35.99,-6.02,-26.24,44.94
15:42:19:1,-35.87,-6.52,-26.12,44.84
15:42:19:1,-35.65,-7.39,-25.90,44.68
15:42:19:1,-36.51,-7.39,-24.85,44.78
15:42:19:1,-37.02,-7.39,-24.23,44.85
15:42:19:2,-37.17,-9.67,-22.29,44.41
15:42:19:2,-37.14,-10.01,-22.14,44.38
15:42:19:2,-36.50,-10.64,-23.39,44.64
15:42:19:2,-37.12,-11.38,-22.56,44.91
15:42:19:2,-38.39,-12.87,-20.88,45.55
15:42:19:2,-37.68,-13.98,-20.58,45.15
15:42:19:3,-37.19,-14.75,-20.37,44.89
15:42:19:3,-35.15,-15.33,-19.23,42.90
15:42:19:3,-34.83,-15.46,-19.04,42.60
15:42:19:3,-36.16,-16.12,-19.37,44.07
15:42:19:3,-36.16,-17.12,-18.88,44.24
15:42:19:3,-36.16,-19.54,-17.69,44.75
15:42:19:4,-35.97,-20.30,-17.69,44.93
15:42:19:4,-35.82,-20.91,-17.69,45.09
15:42:19:4,-35.54,-22.31,-17.42,45.43
15:42:19:4,-35.48,-22.62,-17.36,45.51
15:42:19:4,-35.65,-24.16,-15.18,45.66
15:42:19:4,-35.30,-24.69,-15.01,45.61
15:42:19:5,-34.28,-26.21,-14.51,45.53
15:42:19:5,-33.92,-26.92,-14.68,45.73
15:42:19:5,-33.59,-27.58,-14.84,45.93
15:42:19:5,-32.40,-29.31,-13.93,45.86
15:42:19:5,-32.05,-29.81,-13.67,45.86
15:42:19:6,-31.20,-30.32,-13.84,45.65
15:42:19:6,-31.12,-30.55,-13.69,45.71
15:42:19:6,-30.86,-31.35,-13.17,45.91
15:42:19:6,-30.77,-32.26,-12.44,46.28
15:42:19:6,-30.69,-33.23,-11.66,46.71
15:42:19:6,-28.78,-34.38,-11.53,46.29
15:42:19:6,-28.12,-34.77,-11.49,46.17
15:42:19:7,-27.78,-36.48,-11.16,47.19
15:42:19:7,-28.16,-36.61,-10.84,47.44
15:42:19:7,-29.83,-37.16,-9.48,48.59
15:42:19:7,-29.14,-36.94,-8.96,47.89
15:42:19:7,-28.29,-36.65,-8.31,47.04
15:42:19:8,-29.26,-38.11,-7.59,48.64
15:42:19:8,-29.66,-38.70,-7.30,49.30
15:42:19:8,-28.33,-38.37,-8.28,48.41
15:42:19:8,-28.44,-38.51,-8.00,48.54
15:42:19:8,-29.32,-39.39,-6.30,49.50
15:42:19:8,-29.18,-38.69,-6.71,48.92
15:42:19:8,-28.97,-37.68,-7.30,48.09
15:42:19:9,-29.55,-38.71,-8.54,49.44
15:42:19:9,-29.83,-39.22,-9.14,50.11
15:42:19:9,-29.67,-39.06,-11.18,50.31
15:42:19:9,-29.74,-38.93,-11.32,50.28
15:42:19:9,-30.34,-38.02,-11.32,49.94
15:42:19:9,-30.47,-38.28,-11.82,50.33
15:42:20:0,-30.69,-38.70,-12.66,50.99
15:42:20:0,-31.45,-37.94,-14.05,51.24
15:42:20:0,-31.88,-37.51,-14.84,51.42
15:42:20:0,-30.35,-36.28,-16.04,49.95
15:42:20:0,-30.23,-36.30,-16.29,49.96
15:42:20:1,-30.86,-38.19,-17.52,52.13
15:42:20:1,-30.63,-36.92,-18.09,51.26
15:42:20:1,-30.17,-34.43,-19.20,49.64
15:42:20:1,-31.00,-35.04,-19.20,50.57
15:42:20:1,-31.54,-35.45,-19.20,51.19
15:42:20:1,-30.22,-35.60,-21.07,51.23
15:42:20:2,-30.07,-35.57,-21.43,51.27
15:42:20:2,-31.71,-34.25,-22.72,51.92
15:42:20:2,-31.46,-34.20,-22.57,51.66
15:42:20:2,-30.86,-34.08,-22.22,51.06
15:42:20:2,-30.38,-33.99,-20.99,50.18
15:42:20:2,-30.00,-33.91,-20.04,49.51
15:42:20:2,-30.28,-34.48,-20.59,50.30
15:42:20:3,-30.35,-34.59,-20.70,50.46
15:42:20:3,-30.86,-33.06,-19.20,49.13
15:42:20:3,-30.67,-33.06,-18.22,48.64
15:42:20:3,-30.17,-33.06,-15.51,47.37
15:42:20:3,-29.72,-32.61,-14.19,46.35
15:42:20:3,-29.32,-32.20,-13.00,45.45
15:42:20:4,-28.78,-32.20,-11.67,44.74
15:42:20:4,-28.63,-32.20,-11.32,44.55
15:42:20:4,-27.09,-30.66,-7.14,41.54
15:42:20:4,-27.17,-30.74,-6.90,41.61
15:42:20:4,-27.44,-31.00,-6.13,41.85
15:42:20:5,-27.52,-30.59,-5.72,41.54
15:42:20:5,-27.61,-30.15,-5.29,41.22
15:42:20:5,-26.32,-29.63,-3.27,39.77
15:42:20:5,-25.90,-29.46,-2.61,39.31
15:42:20:5,-25.55,-31.18,-2.61,40.39
15:42:20:5,-25.59,-31.01,-2.25,40.27
15:42:20:6,-25.72,-30.32,-0.77,39.77
15:42:20:6,-25.41,-30.16,-0.46,39.44
15:42:20:6,-25.04,-29.98,-0.10,39.06
15:42:20:6,-25.04,-29.73,1.35,38.90
15:42:20:6,-25.04,-29.64,1.91,38.84
15:42:20:6,-26.21,-29.47,2.41,39.51
15:42:20:7,-26.37,-29.38,2.39,39.56
15:42:20:7,-27.09,-28.95,2.25,39.71
15:42:20:7,-26.73,-28.02,2.18,38.79
15:42:20:7,-26.24,-26.73,2.08,37.51
15:42:20:7,-26.01,-26.73,3.22,37.43
15:42:20:7,-25.90,-26.73,3.76,37.40
15:42:20:7,-28.96,-26.89,4.87,39.82
15:42:20:8,-29.17,-26.84,5.03,39.95
15:42:20:8,-29.32,-26.39,5.77,39.86
15:42:20:8,-28.92,-26.26,6.92,39.67
15:42:20:8,-28.29,-26.04,8.79,39.44
15:42:20:8,-28.84,-24.83,8.25,38.94
15:42:20:8,-29.15,-24.16,7.95,38.68
15:42:20:9,-30.23,-24.63,9.01,40.02
15:42:20:9,-30.43,-24.56,9.21,40.17
15:42:20:9,-31.37,-23.30,10.13,40.37
15:42:20:9,-31.13,-23.30,10.13,40.19
15:42:20:9,-30.69,-23.30,10.13,39.84
15:42:21:0,-30.38,-22.16,11.04,39.19
15:42:21:0,-30.17,-21.42,11.63,38.79
15:42:21:0,-30.92,-21.57,11.49,39.41
15:42:21:0,-31.05,-21.54,11.51,39.50
15:42:21:0,-31.54,-20.40,12.30,39.53
15:42:21:0,-31.65,-19.87,12.41,39.37
15:42:21:1,-31.88,-18.69,12.64,39.06
15:42:21:1,-31.88,-19.08,11.88,39.01
15:42:21:1,-31.88,-19.37,11.30,38.98
15:42:21:1,-32.31,-18.66,12.55,39.37
15:42:21:1,-32.38,-18.51,12.82,39.44
15:42:21:1,-31.20,-18.34,13.98,38.80
15:42:21:2,-31.58,-18.34,13.71,39.00
15:42:21:2,-32.57,-18.34,12.97,39.57
15:42:21:2,-33.03,-18.07,13.24,39.91
15:42:21:2,-33.42,-17.83,13.48,40.21
15:42:21:2,-32.74,-18.51,13.88,40.09
15:42:21:2,-32.57,-18.69,13.98,40.07
15:42:21:3,-33.42,-17.15,13.48,39.91
15:42:21:3,-33.55,-16.86,13.68,39.96
15:42:21:3,-33.94,-15.95,14.32,40.14
15:42:21:3,-33.68,-16.55,13.90,40.02
15:42:21:3,-33.42,-17.15,13.48,39.91
15:42:21:3,-32.52,-17.54,13.35,39.28
15:42:21:4,-32.23,-17.66,13.31,39.08
15:42:21:4,-32.91,-16.63,13.65,39.32
15:42:21:4,-32.95,-16.87,13.41,39.37
15:42:21:4,-33.08,-17.83,12.47,39.60
15:42:21:4,-32.29,-17.36,12.94,38.88
15:42:21:4,-31.37,-16.80,13.48,38.05
15:42:21:5,-31.99,-18.17,13.36,39.14
15:42:21:5,-32.23,-18.69,13.31,39.56
15:42:21:5,-32.90,-20.03,12.65,40.54
15:42:21:5,-32.83,-19.80,12.72,40.39
15:42:21:5,-32.40,-18.52,13.14,39.56
15:42:21:5,-32.18,-18.44,13.07,39.33
15:42:21:6,-31.88,-18.34,12.97,39.00
15:42:21:6,-31.88,-20.46,12.28,39.83
15:42:21:6,-31.88,-21.42,11.97,40.23
15:42:21:6,-31.56,-21.75,10.70,39.79
15:42:21:6,-31.52,-21.74,10.52,39.71
15:42:21:7,-31.37,-21.59,9.79,39.32
15:42:21:7,-30.84,-21.59,9.92,38.93
15:42:21:7,-30.00,-21.59,10.13,38.33
15:42:21:7,-30.67,-22.71,9.26,39.27
15:42:21:7,-31.03,-23.30,8.79,39.79
15:42:21:7,-29.47,-24.55,7.26,39.04
15:42:21:8,-29.43,-24.75,7.12,39.11
15:42:21:8,-30.51,-25.53,7.28,40.45
15:42:21:8,-29.98,-26.31,6.98,40.49
15:42:21:8,-28.97,-27.75,6.44,40.64
15:42:21:8,-28.14,-26.50,5.82,39.09
15:42:21:8,-27.61,-25.70,5.43,38.11
15:42:21:8,-28.20,-26.30,4.26,38.80
15:42:21:9,-28.25,-26.46,4.02,38.92
15:42:21:9,-27.61,-27.75,2.75,39.24
15:42:21:9,-27.50,-28.18,2.54,39.46
15:42:21:9,-27.26,-29.12,2.08,39.95
15:42:21:9,-27.17,-29.22,1.22,39.92
15:42:21:9,-27.09,-29.29,0.57,39.91
15:42:22:0,-26.23,-29.01,-1.39,39.14
15:42:22:0,-26.08,-28.96,-1.77,39.01
15:42:22:0,-26.58,-29.81,-1.94,39.98
15:42:22:0,-26.30,-29.81,-2.31,39.81
15:42:22:0,-25.55,-29.81,-3.28,39.40
15:42:22:0,-24.91,-30.64,-3.73,39.66
15:42:22:1,-24.35,-31.35,-4.12,39.91
15:42:22:1,-24.35,-31.35,-4.39,39.94
15:42:22:1,-24.35,-31.35,-4.45,39.94
15:42:22:1,-26.07,-31.69,-7.14,41.65
15:42:22:1,-26.19,-31.98,-7.50,42.01
15:42:22:1,-26.58,-32.89,-8.64,43.16
15:42:22:2,-26.41,-31.51,-9.48,42.19
15:42:22:2,-26.24,-30.15,-10.32,41.28
15:42:22:2,-26.24,-31.98,-9.81,42.51
15:42:22:2,-26.24,-32.54,-9.65,42.90
15:42:22:2,-25.55,-33.23,-10.32,43.17
15:42:22:3,-25.48,-33.51,-10.66,43.42
15:42:22:3,-25.21,-34.60,-11.99,44.46
15:42:22:3,-25.53,-33.80,-12.15,44.07
15:42:22:3,-25.90,-32.89,-12.33,43.64
15:42:22:3,-25.77,-33.76,-13.18,44.47
15:42:22:3,-25.72,-34.08,-13.50,44.79
15:42:22:3,-25.39,-33.75,-14.50,44.65
15:42:22:4,-25.58,-33.94,-14.65,44.96
15:42:22:4,-26.58,-34.94,-15.35,46.51
15:42:22:4,-26.73,-35.53,-15.63,47.13
15:42:22:4,-26.92,-36.31,-16.02,47.95
15:42:22:4,-25.98,-35.60,-15.78,46.81
15:42:22:4,-25.55,-35.28,-15.68,46.30
15:42:22:5,-26.21,-37.24,-17.28,48.70
15:42:22:5,-26.22,-37.31,-17.51,48.85
15:42:22:5,-26.07,-37.16,-18.53,49.03
15:42:22:5,-26.00,-37.91,-18.86,49.68
15:42:22:5,-25.90,-39.05,-19.37,50.70
15:42:22:5,-26.46,-38.71,-18.60,50.44
15:42:22:6,-26.75,-38.53,-18.19,50.31
15:42:22:6,-26.75,-39.16,-20.34,51.60
15:42:22:6,-26.90,-39.20,-20.56,51.80
15:42:22:6,-28.29,-39.05,-20.71,52.48
15:42:22:6,-28.35,-38.99,-20.53,52.39
15:42:22:6,-28.46,-38.87,-20.21,52.25
15:42:22:7,-27.30,-39.83,-20.93,52.63
15:42:22:7,-26.58,-40.41,-21.38,52.89
15:42:22:7,-27.63,-40.57,-20.94,53.36
15:42:22:7,-27.79,-40.56,-20.92,53.43
15:42:22:7,-27.95,-40.07,-21.71,53.46
15:42:22:8,-27.57,-40.35,-22.30,53.71
15:42:22:8,-26.75,-40.93,-23.56,54.27
15:42:22:8,-26.35,-40.73,-22.58,53.51
15:42:22:8,-26.07,-40.59,-21.88,52.97
15:42:22:8,-26.64,-40.59,-21.88,53.25
15:42:22:8,-26.73,-40.57,-21.90,53.30
15:42:22:9,-26.07,-39.90,-22.89,52.87
15:42:22:9,-26.36,-40.00,-22.89,53.09
15:42:22:9,-27.09,-40.24,-22.89,53.64
15:42:22:9,-27.47,-39.87,-22.89,53.55
15:42:22:9,-27.78,-39.56,-22.89,53.48
15:42:22:9,-27.36,-39.42,-23.29,53.34
15:42:22:9,-27.26,-39.39,-23.39,53.31
15:42:23:0,-27.26,-41.10,-23.05,54.44
15:42:23:0,-27.39,-40.63,-22.93,54.10
15:42:23:0,-27.78,-39.22,-22.55,53.09
15:42:23:0,-27.87,-38.61,-22.81,52.79
15:42:23:0,-27.95,-38.02,-23.05,52.52
15:42:23:0,-27.69,-38.81,-22.28,52.62
15:42:23:1,-27.61,-39.05,-22.05,52.66
15:42:23:1,-27.61,-40.07,-21.71,53.29
15:42:23:1,-27.57,-39.67,-21.68,52.95
15:42:23:1,-27.44,-38.19,-21.55,51.72
15:42:23:1,-27.52,-39.08,-20.20,51.89
15:42:23:2,-27.61,-40.07,-18.70,52.13
15:42:23:2,-27.86,-40.83,-20.42,53.48
15:42:23:2,-27.95,-41.10,-21.04,53.97
15:42:23:2,-28.46,-40.25,-20.88,53.53
15:42:23:2,-28.13,-40.03,-21.02,53.25
15:42:23:2,-26.58,-39.05,-21.71,51.99
15:42:23:3,-27.25,-39.72,-20.32,52.28
15:42:23:3,-28.12,-40.59,-18.53,52.74
15:42:23:3,-27.64,-40.82,-16.89,52.12
15:42:23:3,-27.44,-40.93,-16.18,51.86
15:42:23:3,-26.12,-40.60,-14.25,50.34
15:42:23:3,-26.12,-40.82,-14.17,50.49
15:42:23:4,-26.41,-42.30,-14.17,51.84
15:42:23:4,-26.14,-42.16,-12.69,51.20
15:42:23:4,-25.72,-41.95,-10.49,50.32
15:42:23:4,-25.61,-42.07,-11.93,50.68
15:42:23:4,-25.55,-42.12,-12.66,50.87
15:42:23:4,-25.24,-41.18,-10.18,49.36
15:42:23:5,-25.34,-41.12,-10.07,49.34
15:42:23:5,-26.41,-41.27,-10.82,50.18
15:42:23:5,-26.16,-41.65,-10.70,50.33
15:42:23:5,-25.72,-42.30,-10.49,50.60
15:42:23:5,-25.72,-41.22,-10.70,49.75
15:42:23:5,-25.72,-40.59,-10.82,49.25
15:42:23:6,-25.72,-40.89,-11.42,49.64
15:42:23:6,-25.65,-40.88,-11.56,49.63
15:42:23:6,-24.70,-40.24,-12.50,48.84
15:42:23:6,-24.64,-39.96,-13.22,48.77
15:42:23:6,-24.53,-39.39,-14.68,48.67
15:42:23:6,-25.14,-38.98,-14.87,48.71
15:42:23:7,-25.55,-38.70,-15.01,48.75
15:42:23:7,-24.82,-38.27,-17.44,48.83
15:42:23:7,-24.75,-38.10,-17.90,48.83
15:42:23:7,-26.07,-35.45,-19.20,48.01
15:42:23:7,-25.97,-35.05,-19.69,47.86
15:42:23:7,-25.72,-34.08,-20.88,47.53
15:42:23:8,-25.53,-33.70,-22.00,47.66
15:42:23:8,-25.38,-33.40,-22.89,47.79
15:42:23:8,-26.64,-32.70,-23.85,48.45
15:42:23:8,-26.92,-32.54,-24.06,48.61
15:42:23:8,-25.55,-29.46,-26.07,46.91
15:42:23:8,-25.91,-29.46,-26.16,47.16
15:42:23:9,-26.92,-29.46,-26.41,47.86
15:42:23:9,-27.10,-27.86,-27.80,47.79
15:42:23:9,-27.26,-26.39,-29.09,47.81
15:42:23:9,-26.73,-25.31,-28.30,46.43
15:42:23:9,-26.58,-25.02,-28.08,46.05
15:42:23:9,-27.61,-23.65,-29.42,46.76
15:42:24:0,-27.88,-22.92,-29.91,46.87
15:42:24:0,-28.80,-20.40,-31.60,47.37
15:42:24:0,-28.97,-20.40,-31.60,47.48
15:42:24:0,-29.15,-20.40,-31.60,47.58
15:42:24:0,-28.76,-18.22,-31.73,46.54
15:42:24:0,-28.63,-17.49,-31.77,46.21
15:42:24:1,-30.00,-15.09,-30.76,45.54
15:42:24:1,-30.04,-14.87,-30.86,45.56
15:42:24:1,-30.17,-13.89,-31.27,45.62
15:42:24:1,-30.40,-12.90,-32.09,46.05
15:42:24:1,-30.69,-11.67,-33.11,46.63
15:42:24:1,-30.69,-10.94,-32.87,46.28
15:42:24:2,-30.69,-10.64,-32.77,46.14
15:42:24:2,-31.19,-9.48,-35.22,47.99
15:42:24:2,-31.15,-9.14,-35.24,47.91
15:42:24:2,-30.86,-7.39,-34.95,47.21
15:42:24:2,-30.08,-7.32,-34.88,46.64
15:42:24:2,-28.97,-7.22,-34.79,45.84
15:42:24:3,-29.67,-5.37,-35.69,46.72
15:42:24:3,-30.00,-4.48,-36.13,47.17
15:42:24:3,-29.68,-4.48,-34.24,45.54
15:42:24:3,-29.78,-4.25,-34.19,45.54
15:42:24:3,-30.69,-2.43,-34.79,46.45
15:42:24:3,-30.49,-1.98,-34.59,46.16
15:42:24:4,-30.17,-1.23,-34.28,45.69
15:42:24:4,-30.06,-1.78,-34.60,45.87
15:42:24:4,-30.00,-2.09,-34.79,45.98
15:42:24:4,-30.46,-0.09,-35.24,46.58
15:42:24:4,-30.51,0.16,-35.21,46.59
15:42:24:5,-30.51,0.48,-34.28,45.90
15:42:24:5,-30.75,-0.11,-34.39,46.14
15:42:24:5,-31.20,-1.23,-34.62,46.62
15:42:24:5,-30.69,-0.10,-35.52,46.94
15:42:24:5,-30.34,0.65,-36.13,47.18
15:42:24:5,-28.87,-0.24,-34.68,45.12
15:42:24:6,-28.68,-0.39,-34.48,44.86
15:42:24:6,-29.83,-0.55,-35.29,46.21
15:42:24:6,-29.83,-0.14,-35.39,46.28
15:42:24:6,-29.83,0.82,-35.62,46.47
15:42:24:6,-30.41,0.05,-35.05,46.41
15:42:24:6,-30.86,-0.55,-34.62,46.38
15:42:24:6,-30.01,-1.40,-34.89,46.04
15:42:24:7,-29.84,-1.56,-34.95,45.98
15:42:24:7,-30.69,0.99,-35.46,46.90
15:42:24:7,-30.64,0.67,-35.50,46.90
15:42:24:7,-30.51,-0.21,-35.62,46.91
15:42:24:7,-30.42,0.43,-36.07,47.19
15:42:24:7,-30.34,0.99,-36.46,47.45
15:42:24:8,-31.16,0.18,-37.26,48.57
15:42:24:8,-31.37,-0.04,-37.47,48.87
15:42:24:8,-30.17,-0.55,-36.29,47.20
15:42:24:8,-30.21,-0.35,-36.25,47.19
15:42:24:8,-30.34,0.31,-36.13,47.18
15:42:24:8,-30.26,1.06,-35.55,46.69
15:42:24:9,-30.17,1.85,-34.95,46.21
15:42:24:9,-29.79,0.94,-35.84,46.61
15:42:24:9,-29.66,0.65,-36.13,46.74
15:42:24:9,-29.32,0.99,-35.12,45.76
15:42:24:9,-29.25,0.86,-35.12,45.71
15:42:25:0,-28.97,0.31,-35.12,45.53
15:42:25:0,-29.60,1.09,-35.73,46.41
15:42:25:0,-30.34,2.02,-36.46,47.48
15:42:25:0,-29.12,1.77,-36.22,46.50
15:42:25:0,-28.63,1.67,-36.13,46.13
15:42:25:0,-29.47,1.17,-36.95,47.27
15:42:25:1,-29.52,1.08,-36.88,47.25
15:42:25:1,-29.66,0.65,-36.46,47.00
15:42:25:1,-29.52,1.08,-36.04,46.59
15:42:25:1,-29.32,1.67,-35.46,46.04
15:42:25:1,-29.43,1.32,-36.25,46.72
15:42:25:1,-29.49,1.16,-36.63,47.04
15:42:25:1,-29.33,2.29,-37.10,47.35
15:42:25:2,-29.28,2.19,-36.93,47.17
15:42:25:2,-28.97,0.99,-35.46,45.80
15:42:25:2,-29.30,1.84,-35.39,45.98
15:42:25:2,-29.83,3.22,-35.29,46.32
15:42:25:2,-30.38,2.22,-35.40,46.70
15:42:25:2,-30.69,1.67,-35.46,46.92
15:42:25:3,-30.22,1.21,-36.22,47.18
15:42:25:3,-30.08,1.31,-36.35,47.20
15:42:25:3,-29.15,2.87,-36.96,47.16
15:42:25:3,-29.33,2.93,-36.32,46.77
15:42:25:3,-29.66,3.04,-35.12,46.07
15:42:25:4,-30.29,2.00,-35.12,46.42
15:42:25:4,-30.69,1.33,-35.12,46.66
15:42:25:4,-29.49,1.33,-35.41,46.10
15:42:25:4,-29.39,1.40,-35.44,46.06
15:42:25:4,-30.69,2.70,-35.12,46.71
15:42:25:4,-30.90,2.81,-35.43,47.10
15:42:25:5,-31.37,3.04,-36.13,47.94
15:42:25:5,-30.68,1.96,-36.22,47.51
15:42:25:5,-30.17,1.16,-36.29,47.21
15:42:25:5,-30.46,3.45,-35.17,46.66
15:42:25:5,-30.52,3.88,-34.93,46.55
15:42:25:5,-30.86,2.53,-33.95,45.94
15:42:25:6,-30.91,2.67,-34.36,46.29
15:42:25:6,-31.03,3.04,-35.46,47.21
15:42:25:6,-31.12,2.40,-35.72,47.44
15:42:25:6,-31.20,1.85,-35.96,47.64
15:42:25:6,-30.65,2.94,-35.42,46.94
15:42:25:6,-30.51,3.22,-35.29,46.76
15:42:25:7,-31.37,3.04,-34.45,46.69
15:42:25:7,-31.25,2.92,-34.57,46.69
15:42:25:7,-30.86,2.53,-34.95,46.69
15:42:25:7,-30.60,2.79,-35.71,47.11
15:42:25:7,-30.34,3.04,-36.46,47.53
15:42:25:7,-30.61,3.83,-34.67,46.40
15:42:25:7,-30.69,4.07,-34.11,46.06
15:42:25:8,-31.37,4.07,-34.45,46.77
15:42:25:8,-31.58,3.86,-34.04,46.59
15:42:25:8,-32.40,3.04,-32.44,45.95
15:42:25:8,-32.24,3.68,-32.75,46.10
15:42:25:8,-32.05,4.41,-33.11,46.29
15:42:25:9,-31.56,5.41,-32.86,45.88
15:42:25:9,-31.37,5.78,-32.77,45.74
15:42:25:9,-32.05,6.46,-32.11,45.82
15:42:25:9,-32.34,6.58,-32.16,46.08
15:42:25:9,-33.77,7.15,-32.44,47.37
15:42:25:9,-34.06,7.15,-31.28,46.80
15:42:26:0,-34.45,7.15,-29.76,46.08
15:42:26:0,-33.62,7.27,-29.41,45.26
15:42:26:0,-33.25,7.32,-29.25,44.89
15:42:26:0,-34.56,8.62,-29.25,46.09
15:42:26:0,-34.62,8.73,-28.85,45.90
15:42:26:0,-34.62,9.03,-26.24,44.37
15:42:26:1,-34.35,9.71,-26.50,44.46
15:42:26:1,-33.94,10.74,-26.91,44.62
15:42:26:1,-34.50,11.30,-26.58,44.99
15:42:26:1,-34.79,11.60,-26.41,45.19
15:42:26:1,-34.01,13.01,-27.17,45.43
15:42:26:1,-34.00,13.20,-27.05,45.41
15:42:26:2,-34.62,13.82,-25.23,45.02
15:42:26:2,-35.11,14.07,-25.35,45.54
15:42:26:2,-35.99,14.51,-25.57,46.47
15:42:26:2,-34.72,13.66,-25.15,44.99
15:42:26:2,-33.94,13.14,-24.90,44.09
15:42:26:2,-34.69,16.00,-24.75,45.52
15:42:26:3,-34.84,16.42,-24.70,45.76
15:42:26:3,-35.65,16.90,-24.23,46.30
15:42:26:3,-35.81,16.74,-24.39,46.45
15:42:26:3,-36.16,16.39,-24.73,46.77
15:42:26:3,-35.96,16.59,-23.95,46.28
15:42:26:3,-35.82,16.73,-23.39,45.93
15:42:26:4,-35.10,17.45,-22.68,45.29
15:42:26:4,-34.97,17.62,-22.57,45.20
15:42:26:4,-35.31,18.95,-23.22,46.31
15:42:26:4,-35.21,19.15,-23.22,46.32
15:42:26:4,-34.96,19.64,-23.22,46.34
15:42:26:4,-35.15,19.26,-23.22,46.33
15:42:26:5,-35.31,18.95,-23.22,46.31
15:42:26:5,-34.48,20.61,-22.14,45.87
15:42:26:5,-34.28,21.01,-21.88,45.77
15:42:26:5,-32.91,22.72,-21.88,45.59
15:42:26:5,-33.16,22.55,-22.05,45.76
15:42:26:5,-33.94,22.04,-22.55,46.32
15:42:26:6,-33.85,21.77,-22.47,46.09
15:42:26:6,-33.77,21.52,-22.38,45.87
15:42:26:6,-32.98,22.57,-22.90,46.06
15:42:26:6,-32.74,22.89,-23.05,46.12
15:42:26:6,-33.25,23.06,-21.21,45.69
15:42:26:6,-32.93,22.74,-21.46,45.41
15:42:26:7,-31.71,21.52,-22.38,44.38
15:42:26:7,-32.44,22.08,-22.93,45.45
15:42:26:7,-33.25,22.72,-23.56,46.66
15:42:26:7,-33.88,23.09,-23.19,47.10
15:42:26:7,-34.11,23.23,-23.05,47.27
15:42:26:7,-34.95,22.39,-22.23,47.08
15:42:26:8,-34.87,22.53,-22.01,46.99
15:42:26:8,-34.45,23.23,-21.04,46.58
15:42:26:8,-34.67,22.71,-21.41,46.65
15:42:26:8,-34.96,22.04,-21.88,46.76
15:42:26:8,-33.89,22.15,-22.46,46.30
15:42:26:8,-33.42,22.21,-22.72,46.11
15:42:26:9,-34.73,21.55,-22.40,46.61
15:42:26:9,-34.91,21.50,-22.27,46.66
15:42:26:9,-35.65,21.35,-21.55,46.81
15:42:26:9,-35.51,21.35,-21.95,46.89
15:42:26:9,-35.31,21.35,-22.55,47.02
15:42:26:9,-36.21,20.67,-22.11,47.19
15:42:27:0,-36.67,20.32,-21.88,47.30
15:42:27:0,-35.89,19.85,-20.80,45.98
15:42:27:0,-36.05,19.67,-20.64,45.97
15:42:27:0,-38.21,18.44,-20.04,46.92
15:42:27:0,-38.03,18.26,-19.74,46.57
15:42:27:0,-37.70,17.93,-19.20,45.95
15:42:27:1,-38.45,18.25,-19.30,46.73
15:42:27:1,-38.90,18.44,-19.37,47.20
15:42:27:1,-39.05,19.80,-19.22,47.82
15:42:27:1,-39.06,19.82,-19.19,47.82
15:42:27:1,-38.90,17.41,-19.03,46.67
15:42:27:2,-38.90,17.53,-19.03,46.72
15:42:27:2,-38.90,17.76,-19.03,46.80
15:42:27:2,-38.70,17.56,-19.03,46.56
15:42:27:2,-38.56,17.41,-19.03,46.39
15:42:27:2,-38.56,17.12,-18.18,45.94
15:42:27:2,-38.54,17.07,-18.01,45.84
15:42:27:3,-37.87,17.07,-17.36,45.02
15:42:27:3,-38.17,16.87,-17.84,45.38
15:42:27:3,-38.90,16.39,-19.03,46.30
15:42:27:3,-38.71,16.95,-18.66,46.20
15:42:27:3,-38.56,17.41,-18.36,46.12
15:42:27:3,-38.00,17.14,-18.09,45.44
15:42:27:3,-37.87,17.07,-18.03,45.29
15:42:27:4,-39.24,17.41,-19.37,47.10
15:42:27:4,-39.33,17.50,-18.95,47.03
15:42:27:4,-39.58,17.76,-17.69,46.85
15:42:27:4,-39.58,17.23,-18.55,46.99
15:42:27:4,-39.58,16.73,-19.37,47.14
15:42:27:4,-39.72,16.07,-18.72,46.75
15:42:27:5,-39.75,15.88,-18.53,46.64
15:42:27:5,-39.07,16.22,-17.86,45.92
15:42:27:5,-39.03,16.25,-18.04,45.97
15:42:27:5,-38.90,16.39,-18.70,46.16
15:42:27:5,-38.98,16.31,-18.78,46.24
15:42:27:6,-39.07,16.22,-18.86,46.32
15:42:27:6,-38.69,15.84,-19.23,46.02
15:42:27:6,-38.56,15.70,-19.37,45.92
15:42:27:6,-39.24,15.02,-19.37,46.27
15:42:27:6,-39.39,15.05,-19.52,46.47
15:42:27:6,-40.10,15.19,-20.21,47.40
15:42:27:7,-40.10,14.89,-20.35,47.37
15:42:27:7,-40.10,14.51,-20.54,47.33
15:42:27:7,-39.14,14.51,-20.07,46.31
15:42:27:7,-38.73,14.51,-19.87,45.88
15:42:27:7,-38.73,10.88,-20.52,45.16
15:42:27:7,-38.61,10.72,-20.47,44.99
15:42:27:8,-37.87,10.57,-20.04,44.13
15:42:27:8,-38.29,10.30,-20.04,44.42
15:42:27:8,-38.90,9.89,-20.04,44.86
15:42:27:8,-38.90,10.34,-19.81,44.86
15:42:27:8,-38.90,10.57,-19.70,44.87
15:42:27:8,-38.42,9.78,-21.10,44.91
15:42:27:9,-38.48,9.66,-21.09,44.93
15:42:27:9,-39.24,9.20,-20.04,45.01
15:42:27:9,-39.68,8.76,-19.61,45.12
15:42:27:9,-40.44,8.00,-18.86,45.33
15:42:27:9,-40.12,7.04,-19.39,45.11
15:42:27:9,-39.92,6.47,-19.70,44.99
15:42:27:9,-39.92,5.86,-18.81,44.52
15:42:28:0,-40.06,5.91,-18.66,44.58
15:42:28:0,-41.81,7.66,-18.19,46.23
15:42:28:0,-41.53,7.15,-18.03,45.83
15:42:28:0,-40.95,6.12,-17.69,45.03
15:42:28:0,-40.44,5.01,-17.79,44.47
15:42:28:1,-40.10,4.24,-17.86,44.10
15:42:28:1,-39.66,4.39,-18.00,43.77
15:42:28:1,-39.65,4.40,-18.04,43.78
15:42:28:1,-41.64,4.07,-18.36,45.69
15:42:28:1,-41.18,3.51,-18.91,45.45
15:42:28:2,-40.10,2.19,-20.21,44.95
15:42:28:2,-40.29,1.04,-19.64,44.83
15:42:28:2,-40.44,0.13,-19.20,44.77
15:42:28:2,-39.88,0.69,-17.56,43.58
15:42:28:2,-39.75,0.82,-17.19,43.32
15:42:28:2,-40.10,-1.92,-19.87,44.79
15:42:28:2,-39.96,-2.58,-19.83,44.69
15:42:28:3,-39.58,-4.48,-19.70,44.44
15:42:28:3,-38.69,-4.48,-20.57,44.05
15:42:28:3,-37.87,-4.48,-21.38,43.72
15:42:28:3,-38.67,-5.56,-21.64,44.66
15:42:28:3,-38.90,-5.85,-21.71,44.93
15:42:28:3,-38.04,-6.37,-22.55,44.68
15:42:28:4,-37.97,-6.67,-22.70,44.74
15:42:28:4,-37.70,-7.74,-23.22,44.95
15:42:28:4,-37.78,-7.49,-22.98,44.85
15:42:28:4,-37.87,-7.22,-22.72,44.75
15:42:28:4,-36.98,-8.11,-22.84,44.22
15:42:28:4,-36.67,-8.42,-22.89,44.04
15:42:28:5,-38.56,-6.54,-23.72,45.74
15:42:28:5,-38.18,-6.92,-23.72,45.48
15:42:28:5,-36.50,-8.59,-23.72,44.38
15:42:28:5,-37.04,-8.82,-23.80,44.90
15:42:28:5,-37.70,-9.10,-23.89,45.55
15:42:28:5,-35.89,-9.95,-23.77,44.18
15:42:28:6,-35.13,-10.30,-23.72,43.63
15:42:28:6,-34.64,-11.80,-25.83,44.79
15:42:28:6,-34.98,-12.00,-25.80,45.09
15:42:28:6,-37.02,-12.87,-25.23,46.61
15:42:28:6,-36.45,-12.59,-25.78,46.39
15:42:28:6,-35.65,-12.18,-26.57,46.10
15:42:28:7,-35.65,-13.33,-24.55,45.29
15:42:28:7,-35.65,-13.89,-23.56,44.93
15:42:28:7,-36.45,-14.69,-22.15,45.11
15:42:28:7,-36.31,-14.98,-22.12,45.08
15:42:28:7,-34.79,-16.80,-22.72,44.82
15:42:28:7,-34.66,-16.68,-22.34,44.49
15:42:28:8,-34.45,-16.46,-21.71,43.92
15:42:28:8,-35.10,-18.20,-21.08,44.80
15:42:28:8,-35.48,-19.20,-20.71,45.34
15:42:28:8,-35.02,-19.97,-20.56,45.25
15:42:28:8,-35.05,-20.12,-20.40,45.27
15:42:28:8,-36.16,-20.91,-18.70,45.76
15:42:28:9,-35.53,-21.43,-18.64,45.48
15:42:28:9,-34.28,-22.45,-18.53,44.97
15:42:28:9,-34.69,-22.45,-19.73,45.79
15:42:28:9,-34.96,-22.45,-20.54,46.35
15:42:28:9,-34.52,-23.77,-19.24,46.12
15:42:29:0,-34.42,-24.02,-18.98,46.07
15:42:29:0,-33.77,-24.67,-17.69,45.41
15:42:29:0,-33.77,-23.95,-18.70,45.43
15:42:29:0,-33.77,-22.28,-21.04,45.60
15:42:29:0,-33.57,-22.28,-20.67,45.28
15:42:29:0,-33.42,-22.28,-20.37,45.04
15:42:29:0,-33.14,-23.41,-22.03,46.17
15:42:29:1,-33.08,-23.64,-22.38,46.42
15:42:29:1,-34.45,-21.25,-22.38,46.25
15:42:29:1,-34.00,-20.98,-22.12,45.67
15:42:29:1,-32.74,-20.23,-21.38,44.02
15:42:29:1,-34.09,-20.50,-20.94,44.95
15:42:29:1,-35.31,-20.74,-20.54,45.81
15:42:29:2,-35.71,-19.53,-20.94,45.77
15:42:29:2,-35.82,-19.20,-21.04,45.76
15:42:29:2,-34.96,-20.05,-21.55,45.70
15:42:29:2,-35.12,-19.82,-21.09,45.51
15:42:29:2,-35.65,-19.03,-19.54,44.88
15:42:29:2,-36.31,-20.19,-19.70,45.98
15:42:29:3,-37.02,-21.42,-19.87,47.16
15:42:29:3,-35.61,-20.53,-20.50,45.93
15:42:29:3,-35.13,-20.23,-20.71,45.52
15:42:29:3,-36.33,-18.69,-22.22,46.50
15:42:29:3,-36.46,-19.01,-21.71,46.50
15:42:29:4,-37.02,-20.40,-19.54,46.56
15:42:29:4,-37.09,-19.55,-20.06,46.48
15:42:29:4,-37.19,-18.52,-20.71,46.42
15:42:29:4,-37.55,-19.37,-19.39,46.49
15:42:29:4,-37.70,-19.71,-18.86,46.54
15:42:29:4,-37.70,-18.05,-18.86,45.86
15:42:29:5,-37.50,-18.05,-19.11,45.80
15:42:29:5,-36.33,-18.34,-20.54,45.59
15:42:29:5,-36.90,-18.63,-20.82,46.28
15:42:29:5,-37.70,-19.03,-21.21,47.26
15:42:29:5,-36.43,-18.91,-20.42,45.85
15:42:29:5,-35.82,-18.86,-20.04,45.17
15:42:29:5,-36.94,-18.70,-20.51,46.21
15:42:29:6,-36.88,-18.59,-20.40,46.06
15:42:29:6,-35.82,-17.83,-19.37,44.45
15:42:29:6,-36.40,-18.03,-19.56,45.08
15:42:29:6,-37.36,-18.34,-19.87,46.12
15:42:29:6,-37.80,-18.34,-19.66,46.38
15:42:29:6,-38.04,-18.34,-19.54,46.53
15:42:29:7,-37.27,-19.42,-19.99,46.54
15:42:29:7,-37.20,-19.42,-20.02,46.50
15:42:29:7,-37.36,-18.00,-19.87,45.98
15:42:29:7,-37.13,-18.00,-19.87,45.80
15:42:29:7,-36.67,-18.00,-19.87,45.43
15:42:29:7,-36.78,-18.31,-19.77,45.59
15:42:29:8,-36.85,-18.52,-19.70,45.70
15:42:29:8,-36.25,-18.22,-18.54,44.61
15:42:29:8,-36.22,-18.19,-18.41,44.51
15:42:29:8,-37.53,-18.52,-19.37,46.11
15:42:29:8,-37.63,-18.41,-19.16,46.07
15:42:29:9,-37.87,-18.17,-18.70,45.98
15:42:29:9,-37.29,-18.56,-18.32,45.50
15:42:29:9,-36.85,-18.86,-18.03,45.15
15:42:29:9,-37.70,-18.86,-17.75,45.73
15:42:29:9,-37.86,-18.86,-17.70,45.85
15:42:29:9,-36.85,-18.52,-18.36,45.14
15:42:30:0,-36.85,-18.05,-18.63,45.06
15:42:30:0,-36.85,-16.80,-19.37,44.89
15:42:30:0,-36.85,-17.53,-19.37,45.17
15:42:30:0,-36.85,-18.17,-19.37,45.42
15:42:30:0,-36.85,-19.26,-19.10,45.75
15:42:30:0,-36.85,-19.54,-19.03,45.84
15:42:30:1,-37.19,-17.49,-18.70,45.15
15:42:30:1,-37.39,-17.93,-18.73,45.50
15:42:30:1,-38.04,-19.37,-18.86,46.67
15:42:30:1,-38.55,-19.20,-18.86,47.02
15:42:30:1,-39.07,-19.03,-18.86,47.38
15:42:30:1,-38.81,-18.77,-18.86,47.06
15:42:30:2,-38.73,-18.69,-18.86,46.96
15:42:30:2,-37.53,-19.88,-19.70,46.82
15:42:30:2,-37.66,-19.68,-19.37,46.70
15:42:30:2,-38.21,-18.86,-18.03,46.27
15:42:30:2,-37.98,-18.47,-17.95,45.89
15:42:30:2,-37.70,-18.00,-17.86,45.43
15:42:30:3,-37.33,-18.62,-18.70,45.72
15:42:30:3,-37.19,-18.86,-19.03,45.83
15:42:30:3,-37.19,-18.19,-19.36,45.70
15:42:30:3,-37.16,-18.25,-19.29,45.67
15:42:30:3,-37.02,-18.69,-18.86,45.55
15:42:30:3,-37.73,-18.11,-19.15,46.03
15:42:30:4,-38.73,-17.32,-19.54,46.70
15:42:30:4,-37.44,-18.37,-19.19,45.91
15:42:30:4,-36.85,-18.86,-19.03,45.56
15:42:30:4,-36.69,-17.73,-18.24,44.64
15:42:30:4,-36.70,-17.93,-18.50,44.84
15:42:30:4,-36.85,-19.88,-20.71,46.71
15:42:30:5,-36.58,-19.36,-20.06,46.00
15:42:30:5,-36.16,-18.52,-19.03,44.86
15:42:30:5,-36.71,-18.41,-19.36,45.40
15:42:30:5,-37.02,-18.34,-19.54,45.70
15:42:30:5,-37.02,-18.97,-20.14,46.21
15:42:30:5,-37.11,-18.97,-20.29,46.35
15:42:30:6,-38.04,-18.34,-21.21,47.26
15:42:30:6,-37.27,-18.40,-21.15,46.64
15:42:30:6,-35.82,-18.52,-21.04,45.48
15:42:30:6,-37.17,-18.20,-20.53,46.20
15:42:30:6,-38.04,-18.00,-20.21,46.69
15:42:30:6,-36.55,-17.70,-20.21,45.36
15:42:30:7,-36.37,-17.70,-20.25,45.24
15:42:30:7,-37.19,-18.52,-21.04,46.57
15:42:30:7,-36.34,-18.52,-21.04,45.89
15:42:30:7,-34.45,-18.52,-21.04,44.41
15:42:30:7,-35.82,-18.71,-20.85,45.48
15:42:30:7,-36.85,-18.86,-20.71,46.28
15:42:30:8,-36.70,-19.85,-20.57,46.52
15:42:30:8,-36.67,-20.05,-20.55,46.57
15:42:30:8,-36.16,-19.20,-21.04,46.03
15:42:30:8,-36.35,-18.73,-21.23,46.07
15:42:30:8,-36.85,-17.49,-21.71,46.20
15:42:30:8,-36.76,-17.40,-21.26,45.89
15:42:30:9,-36.67,-17.32,-20.88,45.61
15:42:30:9,-36.81,-17.73,-19.94,45.46
15:42:30:9,-36.85,-17.83,-19.70,45.43
15:42:30:9,-36.67,-17.66,-22.22,46.37
15:42:30:9,-36.51,-17.33,-22.22,46.12
15:42:30:9,-35.99,-16.29,-22.22,45.32
15:42:31:0,-35.90,-17.06,-21.30,45.10
15:42:31:0,-35.82,-17.83,-20.37,44.90
15:42:31:0,-36.60,-17.83,-21.90,46.23
15:42:31:0,-36.85,-17.83,-22.38,46.65
15:42:31:0,-37.02,-18.34,-22.89,47.23
15:42:31:0,-37.19,-18.24,-22.72,47.24
15:42:31:1,-37.87,-17.83,-22.05,47.31
15:42:31:1,-37.24,-17.83,-22.51,47.03
15:42:31:1,-36.50,-17.83,-23.05,46.71
15:42:31:1,-35.76,-16.09,-24.51,46.25
15:42:31:1,-35.48,-15.43,-25.07,46.10
15:42:31:1,-35.48,-13.07,-25.72,45.73
15:42:31:2,-35.56,-12.67,-25.98,45.83
15:42:31:2,-35.99,-10.82,-27.24,46.42
15:42:31:2,-36.21,-11.04,-27.03,46.51
15:42:31:2,-36.50,-11.33,-26.74,46.65
15:42:31:2,-37.45,-10.86,-25.59,46.63
15:42:31:2,-37.87,-10.64,-25.07,46.65
15:42:31:3,-37.39,-8.86,-24.27,45.44
15:42:31:3,-37.27,-8.89,-24.40,45.43
15:42:31:3,-36.67,-9.79,-25.57,45.77
15:42:31:3,-37.14,-9.86,-25.24,45.98
15:42:31:3,-37.87,-9.96,-24.73,46.31
15:42:31:3,-37.65,-9.74,-24.07,45.74
15:42:31:4,-37.53,-9.62,-23.72,45.43
15:42:31:4,-38.94,-8.21,-23.57,46.25
15:42:31:4,-38.99,-8.09,-23.42,46.20
15:42:31:4,-38.21,-8.25,-22.05,44.88
15:42:31:4,-38.58,-7.77,-22.52,45.34
15:42:31:4,-39.24,-6.88,-23.39,46.20
15:42:31:5,-38.72,-6.99,-23.08,45.61
15:42:31:5,-38.39,-7.05,-22.89,45.24
15:42:31:5,-38.69,-7.35,-22.59,45.40
15:42:31:5,-38.83,-7.40,-22.49,45.48
15:42:31:5,-40.61,-7.56,-21.38,46.51
15:42:31:5,-40.29,-7.35,-21.38,46.20
15:42:31:6,-39.58,-6.88,-21.38,45.51
15:42:31:6,-39.49,-6.98,-21.47,45.49
15:42:31:6,-39.41,-7.05,-21.55,45.47
15:42:31:6,-39.41,-7.05,-20.98,45.20
15:42:31:6,-39.40,-7.03,-20.85,45.13
15:42:31:7,-38.90,-5.85,-19.70,43.99
15:42:31:7,-39.33,-6.19,-20.22,44.65
15:42:31:7,-40.44,-7.05,-21.55,46.36
15:42:31:7,-40.35,-6.59,-20.73,45.84
15:42:31:7,-40.27,-6.20,-20.04,45.40
15:42:31:7,-40.41,-8.25,-20.17,45.91
15:42:31:7,-40.44,-8.76,-20.21,46.05
15:42:31:8,-38.73,-5.68,-20.21,44.05
15:42:31:8,-38.93,-5.81,-20.57,44.42
15:42:31:8,-39.58,-6.20,-21.71,45.57
15:42:31:8,-38.89,-6.37,-21.54,44.92
15:42:31:8,-38.21,-6.54,-21.38,44.27
15:42:31:8,-38.61,-5.62,-21.76,44.67
15:42:31:9,-38.73,-5.34,-21.88,44.80
15:42:31:9,-39.24,-6.20,-23.05,45.93
15:42:31:9,-39.28,-6.23,-22.74,45.81
15:42:31:9,-39.41,-6.37,-21.55,45.37
15:42:31:9,-39.57,-6.37,-21.55,45.50
15:42:31:9,-39.75,-6.37,-21.55,45.66
15:42:32:0,-39.75,-6.12,-22.52,46.10
15:42:32:0,-39.75,-6.02,-22.89,46.26
15:42:32:0,-39.42,-7.72,-23.55,46.56
15:42:32:0,-39.44,-7.77,-23.36,46.49
15:42:32:0,-39.58,-7.91,-22.38,46.16
15:42:32:1,-39.36,-7.25,-22.89,46.11
15:42:32:1,-39.07,-6.37,-23.56,46.06
15:42:32:1,-39.78,-7.55,-22.17,46.16
15:42:32:1,-40.10,-8.08,-21.55,46.23
15:42:32:1,-38.47,-7.10,-21.86,44.82
15:42:32:1,-38.48,-7.10,-21.88,44.83
15:42:32:2,-39.07,-7.39,-21.88,45.39
15:42:32:2,-39.20,-7.13,-21.49,45.27
15:42:32:2,-39.41,-6.71,-20.88,45.10
15:42:32:2,-39.19,-7.16,-21.97,45.49
15:42:32:2,-39.07,-7.39,-22.55,45.71
15:42:32:2,-39.23,-6.30,-21.48,45.16
15:42:32:3,-39.29,-6.15,-21.43,45.17
15:42:32:3,-39.75,-5.68,-21.88,45.73
15:42:32:3,-39.81,-5.99,-21.70,45.74
15:42:32:3,-39.92,-6.54,-21.38,45.76
15:42:32:3,-39.50,-6.75,-20.76,45.13
15:42:32:3,-39.24,-6.88,-20.37,44.75
15:42:32:3,-39.54,-6.58,-21.84,45.65
15:42:32:4,-39.60,-6.54,-22.01,45.78
15:42:32:4,-39.92,-6.54,-21.38,45.76
15:42:32:4,-39.76,-7.14,-21.01,45.53
15:42:32:4,-39.41,-8.42,-20.21,45.08
15:42:32:4,-39.61,-7.23,-20.01,44.96
15:42:32:4,-39.75,-6.37,-19.87,44.90
15:42:32:5,-40.33,-6.37,-19.87,45.41
15:42:32:5,-40.42,-6.39,-19.86,45.48
15:42:32:5,-39.24,-7.56,-19.37,44.41
15:42:32:5,-39.63,-7.08,-19.65,44.79
15:42:32:5,-40.61,-5.85,-20.37,45.81
15:42:32:6,-40.15,-6.50,-19.92,45.29
15:42:32:6,-39.75,-7.05,-19.54,44.85
15:42:32:6,-39.89,-6.64,-19.40,44.85
15:42:32:6,-39.92,-6.54,-19.37,44.85
15:42:32:6,-38.90,-6.88,-19.37,43.99
15:42:32:6,-38.98,-6.96,-19.61,44.19
15:42:32:7,-39.24,-7.22,-20.37,44.80
15:42:32:7,-39.41,-6.88,-20.88,45.13
15:42:32:7,-39.58,-6.54,-21.38,45.46
15:42:32:7,-40.11,-7.85,-19.84,45.43
15:42:32:7,-40.27,-8.25,-19.37,45.44
15:42:32:7,-40.10,-7.39,-18.53,44.78
15:42:32:8,-39.85,-7.29,-18.91,44.71
15:42:32:8,-38.90,-6.88,-20.37,44.45
15:42:32:8,-38.74,-7.20,-19.59,44.00
15:42:32:8,-38.56,-7.56,-18.70,43.51
15:42:32:8,-37.81,-7.56,-18.94,42.96
15:42:32:8,-37.53,-7.56,-19.03,42.75
15:42:32:8,-39.39,-8.41,-17.54,43.93
15:42:32:9,-39.47,-8.48,-17.86,44.15
15:42:32:9,-39.75,-8.76,-19.54,45.15
15:42:32:9,-39.68,-8.25,-19.46,44.96
15:42:32:9,-39.58,-7.56,-19.37,44.71
15:42:32:9,-38.52,-7.45,-18.79,43.50
15:42:33:0,-38.04,-7.39,-18.53,42.96
15:42:33:0,-39.84,-8.21,-20.29,45.46
15:42:33:0,-39.86,-8.18,-20.53,45.57
15:42:33:0,-39.41,-7.74,-21.55,45.58
15:42:33:0,-39.21,-7.80,-20.82,45.07
15:42:33:0,-38.90,-7.91,-19.70,44.31
15:42:33:1,-39.68,-7.57,-19.59,44.90
15:42:33:1,-40.10,-7.39,-19.54,45.21
15:42:33:1,-39.78,-8.34,-20.46,45.50
15:42:33:1,-39.92,-8.35,-20.38,45.59
15:42:33:1,-41.46,-7.74,-18.86,46.21
15:42:33:1,-41.04,-8.16,-19.16,46.02
15:42:33:2,-40.27,-8.93,-19.70,45.71
15:42:33:2,-39.21,-8.08,-20.12,44.80
15:42:33:2,-38.56,-7.56,-20.37,44.26
15:42:33:2,-39.61,-6.81,-19.04,44.48
15:42:33:2,-39.76,-6.72,-18.91,44.54
15:42:33:2,-39.92,-6.88,-19.70,45.05
15:42:33:3,-39.76,-6.94,-19.32,44.75
15:42:33:3,-39.41,-7.05,-18.53,44.12
15:42:33:3,-39.21,-7.05,-19.12,44.19
15:42:33:3,-39.07,-7.05,-19.54,44.25
15:42:33:3,-39.51,-6.91,-19.11,44.42
15:42:33:3,-39.57,-6.89,-19.03,44.44
15:42:33:4,-38.90,-7.22,-19.03,43.90
15:42:33:4,-39.19,-7.12,-19.03,44.15
15:42:33:4,-39.92,-6.88,-19.03,44.76
15:42:33:4,-39.46,-6.22,-18.76,44.13
15:42:33:4,-39.07,-5.68,-18.53,43.61
15:42:33:4,-39.90,-7.90,-19.89,45.28
15:42:33:5,-40.10,-8.42,-20.21,45.68
15:42:33:5,-41.12,-7.05,-19.87,46.21
15:42:33:5,-40.99,-6.84,-20.08,46.16
15:42:33:5,-40.61,-6.20,-20.71,46.00
15:42:33:5,-39.91,-6.72,-19.51,44.93
15:42:33:5,-39.24,-7.22,-18.36,43.92
15:42:33:6,-39.90,-7.09,-19.79,45.10
15:42:33:6,-40.10,-7.05,-20.21,45.45
15:42:33:6,-40.78,-6.02,-20.21,45.91
15:42:33:6,-40.41,-6.10,-20.28,45.63
15:42:33:6,-39.07,-6.37,-20.54,44.60
15:42:33:6,-39.32,-6.29,-21.26,45.14
15:42:33:7,-39.58,-6.20,-22.05,45.73
15:42:33:7,-40.34,-6.20,-20.56,45.70
15:42:33:7,-40.61,-6.20,-20.04,45.71
15:42:33:7,-40.44,-6.03,-20.20,45.61
15:42:33:7,-40.29,-6.12,-20.00,45.39
15:42:33:7,-39.58,-6.54,-19.03,44.40
15:42:33:8,-40.11,-7.37,-19.84,45.35
15:42:33:8,-40.78,-8.42,-20.88,46.58
15:42:33:8,-40.18,-7.10,-20.76,45.78
15:42:33:8,-39.92,-6.54,-20.71,45.45
15:42:33:8,-39.10,-7.69,-20.55,44.84
15:42:33:9,-39.00,-7.76,-20.28,44.64
15:42:33:9,-38.56,-7.91,-18.70,43.57
15:42:33:9,-39.25,-7.36,-18.70,44.09
15:42:33:9,-40.27,-6.54,-18.70,44.87
15:42:33:9,-39.81,-5.86,-19.81,44.85
15:42:33:9,-39.58,-5.51,-20.37,44.86
15:42:33:9,-41.00,-6.93,-19.60,45.97
15:42:34:0,-40.86,-7.14,-19.69,45.91
15:42:34:0,-38.56,-7.91,-21.04,44.63
15:42:34:0,-39.00,-7.47,-20.74,44.79
15:42:34:0,-39.75,-6.71,-20.21,45.10
15:42:34:0,-39.22,-6.82,-19.89,44.50
15:42:34:0,-38.90,-6.88,-19.70,44.14
15:42:34:1,-38.90,-6.88,-21.49,44.97
15:42:34:1,-38.93,-6.80,-21.68,45.08
15:42:34:1,-39.41,-5.68,-21.21,45.12
15:42:34:1,-39.70,-5.85,-20.82,45.21
15:42:34:1,-40.27,-6.20,-20.04,45.40
15:42:34:2,-40.27,-6.80,-20.63,45.75
15:42:34:2,-40.27,-7.22,-21.04,46.00
15:42:34:2,-39.83,-6.49,-20.04,45.06
15:42:34:2,-39.77,-6.44,-19.86,44.91
15:42:34:2,-40.10,-8.42,-19.54,45.39
15:42:34:2,-40.35,-8.37,-19.39,45.54
15:42:34:2,-40.95,-8.25,-19.03,45.91
15:42:34:3,-40.38,-7.68,-19.78,45.62
15:42:34:3,-39.92,-7.22,-20.37,45.40
15:42:34:3,-39.23,-7.08,-20.51,44.83
15:42:34:3,-39.07,-7.05,-20.54,44.70
15:42:34:3,-39.58,-6.54,-20.37,45.00
15:42:34:4,-39.18,-6.85,-20.42,44.71
15:42:34:4,-38.04,-7.74,-20.54,43.92
15:42:34:4,-38.31,-7.65,-20.10,43.94
15:42:34:4,-38.56,-7.56,-19.70,43.95
15:42:34:4,-40.03,-7.43,-21.41,46.00
15:42:34:4,-40.44,-7.39,-21.88,46.57
15:42:34:5,-40.10,-8.42,-20.21,45.68
15:42:34:5,-39.87,-7.96,-20.36,45.46
15:42:34:5,-39.07,-6.37,-20.88,44.75
15:42:34:5,-39.74,-6.70,-21.20,45.53
15:42:34:5,-40.44,-7.05,-21.55,46.36
15:42:34:5,-39.54,-6.41,-21.92,45.66
15:42:34:5,-39.24,-6.20,-22.05,45.44
15:42:34:6,-39.92,-6.20,-22.05,46.03
15:42:34:6,-39.83,-6.42,-21.64,45.78
15:42:34:6,-39.41,-7.39,-19.87,44.75
15:42:34:6,-39.72,-7.24,-20.62,45.34
15:42:34:6,-40.10,-7.05,-21.55,46.06
15:42:34:6,-39.37,-7.05,-20.83,45.09
15:42:34:7,-39.07,-7.05,-20.54,44.70
15:42:34:7,-38.74,-6.72,-21.85,44.98
15:42:34:7,-38.70,-6.74,-21.75,44.90
15:42:34:7,-38.56,-6.88,-21.04,44.46
15:42:34:7,-38.27,-6.74,-20.90,44.13
15:42:34:8,-37.87,-6.54,-20.71,43.66
15:42:34:8,-38.45,-6.89,-20.59,44.16
15:42:34:8,-38.73,-7.05,-20.54,44.40
15:42:34:8,-38.57,-7.21,-19.12,43.65
15:42:34:8,-38.66,-7.24,-19.05,43.70
15:42:34:8,-39.41,-7.39,-19.20,44.46
15:42:34:9,-39.28,-6.75,-19.70,44.46
15:42:34:9,-39.07,-5.68,-20.54,44.51
15:42:34:9,-39.29,-5.90,-21.83,45.33
15:42:34:9,-39.41,-6.02,-22.55,45.81
15:42:34:9,-39.57,-7.72,-20.29,45.13
15:42:34:9,-39.54,-7.89,-20.16,45.08
15:42:35:0,-39.07,-7.74,-21.55,45.28
15:42:35:0,-38.95,-7.50,-21.32,45.03
15:42:35:0,-38.73,-7.05,-20.88,44.56
15:42:35:0,-38.52,-7.26,-21.48,44.70
15:42:35:0,-38.39,-7.39,-21.88,44.80
15:42:35:0,-38.39,-7.69,-21.88,44.85
15:42:35:1,-38.46,-7.80,-21.85,44.92
15:42:35:1,-40.10,-9.10,-21.21,46.27
15:42:35:1,-39.89,-8.79,-21.52,46.17
15:42:35:1,-39.41,-8.08,-22.22,45.96
15:42:35:1,-39.51,-7.21,-22.50,46.03
15:42:35:1,-39.58,-6.54,-22.72,46.11
15:42:35:1,-39.44,-6.40,-21.19,45.23
15:42:35:2,-39.41,-6.37,-20.89,45.06
15:42:35:2,-39.41,-6.71,-22.89,46.07
15:42:35:2,-39.69,-6.52,-22.52,46.10
15:42:35:2,-40.44,-6.02,-21.55,46.21
15:42:35:2,-39.80,-5.93,-21.81,45.77
15:42:35:3,-39.24,-5.85,-22.05,45.39
15:42:35:3,-40.06,-5.85,-22.58,46.35
15:42:35:3,-40.27,-5.85,-22.72,46.60
15:42:35:3,-40.10,-6.71,-20.21,45.40
15:42:35:3,-40.18,-6.63,-20.68,45.67
15:42:35:3,-40.44,-6.37,-22.22,46.58
15:42:35:4,-39.76,-6.54,-21.88,45.85
15:42:35:4,-39.07,-6.71,-21.55,45.12
15:42:35:4,-38.42,-7.10,-21.16,44.44
15:42:35:4,-38.21,-7.22,-21.04,44.22
15:42:35:4,-38.39,-6.02,-21.55,44.43
15:42:35:4,-38.45,-5.96,-21.48,44.45
15:42:35:5,-38.73,-5.68,-21.21,44.52
15:42:35:5,-39.04,-6.63,-21.21,44.92
15:42:35:5,-39.41,-7.74,-21.21,45.42
15:42:35:5,-38.79,-6.87,-21.82,45.03
15:42:35:5,-38.56,-6.54,-22.05,44.89
15:42:35:5,-39.40,-6.37,-21.55,45.36
15:42:35:6,-39.27,-6.29,-21.41,45.17
15:42:35:6,-38.56,-5.85,-20.71,44.15
15:42:35:6,-38.56,-6.29,-21.13,44.41
15:42:35:6,-38.56,-6.88,-21.71,44.78
15:42:35:6,-39.85,-5.59,-22.06,45.89
15:42:35:6,-40.44,-5.00,-22.22,46.41
15:42:35:7,-37.36,-6.46,-22.38,44.03
15:42:35:7,-37.47,-6.43,-22.28,44.07
15:42:35:7,-39.41,-5.68,-21.55,45.27
15:42:35:7,-39.28,-6.08,-21.28,45.09
15:42:35:7,-39.07,-6.71,-20.88,44.80
15:42:35:7,-38.85,-6.71,-21.31,44.81
15:42:35:8,-38.73,-6.71,-21.55,44.82
15:42:35:8,-38.57,-6.55,-22.00,44.89
15:42:35:8,-38.59,-6.57,-21.92,44.86
15:42:35:8,-38.90,-6.88,-20.71,44.60
15:42:35:8,-39.20,-7.06,-21.12,45.09
15:42:35:8,-39.75,-7.39,-21.88,45.98
15:42:35:9,-39.23,-6.66,-21.57,45.26
15:42:35:9,-38.90,-6.20,-21.38,44.82
15:42:35:9,-40.10,-5.30,-22.55,46.31
15:42:35:9,-40.27,-5.21,-22.66,46.50
15:42:35:9,-40.27,-5.85,-21.71,46.12
15:42:35:9,-39.78,-5.80,-21.98,45.81
15:42:36:0,-38.73,-5.68,-22.55,45.17
15:42:36:0,-38.33,-5.88,-22.16,44.66
15:42:36:0,-38.04,-6.02,-21.88,44.30
15:42:36:0,-38.33,-5.45,-21.88,44.47
15:42:36:0,-38.42,-5.37,-21.89,44.55
15:42:36:0,-40.27,-6.88,-22.38,46.58
15:42:36:1,-40.07,-6.98,-22.48,46.47
15:42:36:1,-39.58,-7.22,-22.72,46.21
15:42:36:1,-39.12,-6.76,-22.08,45.43
15:42:36:1,-38.73,-6.37,-21.55,44.77
15:42:36:1,-38.04,-7.61,-21.14,44.18
15:42:36:1,-37.87,-7.91,-21.04,44.04
15:42:36:2,-39.92,-6.88,-22.38,46.29
15:42:36:2,-39.80,-6.76,-22.34,46.14
15:42:36:2,-39.41,-6.37,-22.22,45.69
15:42:36:2,-38.54,-6.54,-22.73,45.22
15:42:36:2,-37.70,-6.71,-23.22,44.78
15:42:36:2,-37.83,-6.31,-23.09,44.77
15:42:36:3,-37.87,-6.20,-23.05,44.77
15:42:36:3,-38.90,-5.51,-19.37,43.80
15:42:36:3,-38.90,-5.80,-19.93,44.09
15:42:36:3,-38.90,-6.88,-22.05,45.24
15:42:36:3,-38.66,-6.96,-22.44,45.24
15:42:36:3,-38.39,-7.05,-22.89,45.24
15:42:36:4,-38.26,-6.17,-22.27,44.70
15:42:36:4,-38.21,-5.85,-22.05,44.51
15:42:36:4,-38.56,-8.58,-22.38,45.40
15:42:36:4,-38.80,-8.29,-22.38,45.55
15:42:36:4,-39.92,-6.88,-22.38,46.29
15:42:36:4,-39.25,-6.95,-22.46,45.75
15:42:36:5,-38.39,-7.05,-22.55,45.07
15:42:36:5,-38.15,-6.81,-23.25,45.19
15:42:36:5,-38.04,-6.71,-23.56,45.25
15:42:36:5,-39.20,-7.20,-23.72,46.37
15:42:36:5,-39.27,-7.15,-23.51,46.32
15:42:36:5,-39.41,-6.71,-22.22,45.74
15:42:36:6,-39.07,-6.92,-22.28,45.51
15:42:36:6,-38.56,-7.22,-22.38,45.16
15:42:36:6,-39.35,-7.34,-22.05,45.70
15:42:36:6,-39.75,-7.39,-21.88,45.98
15:42:36:6,-38.18,-7.08,-21.57,44.42
15:42:36:7,-38.08,-7.03,-21.58,44.34
15:42:36:7,-38.55,-6.80,-22.04,44.93
15:42:36:7,-38.73,-6.71,-22.22,45.15
15:42:36:7,-38.58,-6.27,-21.79,44.75
15:42:36:7,-38.56,-6.20,-21.71,44.68
15:42:36:7,-38.04,-7.39,-22.22,44.67
15:42:36:8,-38.09,-7.26,-21.82,44.49
15:42:36:8,-38.21,-6.88,-20.71,44.01
15:42:36:8,-38.31,-6.23,-20.98,44.12
15:42:36:8,-38.39,-5.68,-21.21,44.22
15:42:36:8,-38.53,-5.82,-21.89,44.69
15:42:36:8,-38.56,-5.85,-22.05,44.80
15:42:36:9,-38.56,-7.91,-23.05,45.61
15:42:36:9,-38.44,-7.64,-22.94,45.41
15:42:36:9,-38.04,-6.71,-22.55,44.73
15:42:36:9,-37.87,-6.88,-23.06,44.87
15:42:36:9,-37.70,-7.05,-23.56,45.01
15:42:36:9,-37.97,-7.32,-23.30,45.14
15:42:36:9,-38.04,-7.39,-23.22,45.18
15:42:37:0,-38.73,-6.71,-22.22,45.15
15:42:37:0,-38.79,-6.71,-22.22,45.20
15:42:37:0,-39.07,-6.71,-22.22,45.44
15:42:37:0,-38.91,-7.35,-22.22,45.41
15:42:37:0,-38.73,-8.08,-22.22,45.37
15:42:37:1,-38.73,-6.56,-21.97,45.00
15:42:37:1,-38.73,-6.02,-21.88,44.89
15:42:37:1,-38.21,-7.22,-22.72,45.04
15:42:37:1,-38.29,-7.30,-22.69,45.11
15:42:37:1,-38.73,-7.74,-22.55,45.48
15:42:37:1,-38.44,-7.88,-21.98,44.97
15:42:37:2,-38.04,-8.08,-21.21,44.30
15:42:37:2,-38.77,-6.15,-21.92,44.96
15:42:37:2,-39.07,-5.34,-22.22,45.26
15:42:37:2,-38.06,-7.69,-22.87,45.07
15:42:37:2,-38.18,-7.72,-22.75,45.11
15:42:37:2,-39.24,-7.56,-21.71,45.48
15:42:37:3,-39.64,-6.77,-21.97,45.83
15:42:37:3,-40.27,-5.51,-22.38,46.40
15:42:37:3,-39.58,-6.20,-21.71,45.57
15:42:37:3,-39.24,-6.54,-21.38,45.16
15:42:37:3,-39.40,-6.38,-22.48,45.81
15:42:37:3,-39.39,-6.37,-22.63,45.87
15:42:37:4,-39.07,-6.37,-23.56,46.06
15:42:37:4,-38.71,-7.34,-22.96,45.60
15:42:37:4,-38.04,-9.10,-21.88,44.82
15:42:37:4,-38.91,-7.60,-23.36,46.01
15:42:37:4,-39.41,-6.71,-24.23,46.75
15:42:37:4,-39.10,-7.02,-22.41,45.61
15:42:37:5,-39.11,-7.00,-22.21,45.52
15:42:37:5,-39.92,-5.85,-22.05,45.98
15:42:37:5,-38.95,-5.96,-22.05,45.15
15:42:37:5,-36.85,-6.20,-22.05,43.38
15:42:37:5,-38.16,-6.50,-22.34,44.70
15:42:37:5,-39.07,-6.71,-22.55,45.61
15:42:37:5,-39.07,-6.12,-22.26,45.38
15:42:37:6,-39.07,-6.03,-22.22,45.35
15:42:37:6,-38.90,-6.20,-24.06,46.16
15:42:37:6,-38.85,-6.63,-23.64,45.96
15:42:37:6,-38.73,-7.74,-22.55,45.48
15:42:37:6,-38.73,-6.60,-23.11,45.58
15:42:37:7,-38.73,-5.68,-23.56,45.68
15:42:37:7,-38.02,-6.39,-22.86,44.82
15:42:37:7,-37.87,-6.54,-22.72,44.65
15:42:37:7,-38.04,-7.39,-22.55,44.84
15:42:37:7,-38.09,-7.02,-22.27,44.67
15:42:37:7,-38.21,-5.85,-21.38,44.18
15:42:37:8,-37.86,-6.21,-22.94,44.70
15:42:37:8,-37.53,-6.54,-24.39,45.24
15:42:37:8,-39.02,-8.03,-23.47,46.23
15:42:37:8,-39.41,-8.42,-23.22,46.51
15:42:37:8,-38.90,-6.20,-23.05,45.64
15:42:37:8,-38.58,-6.37,-23.02,45.38
15:42:37:9,-37.36,-7.05,-22.89,44.38
15:42:37:9,-38.10,-6.64,-22.48,44.73
15:42:37:9,-38.90,-6.20,-22.05,45.14
15:42:37:9,-38.64,-6.45,-21.80,44.83
15:42:37:9,-38.56,-6.54,-21.71,44.73
15:42:37:9,-37.36,-6.02,-24.56,45.11
15:42:38:0,-37.59,-6.48,-24.45,45.31
15:42:38:0,-38.73,-8.76,-23.89,46.34
15:42:38:0,-38.42,-8.31,-23.30,45.70
15:42:38:0,-38.04,-7.74,-22.55,44.90
15:42:38:0,-38.90,-7.86,-22.43,45.59
15:42:38:0,-39.24,-7.91,-22.38,45.86
15:42:38:1,-37.71,-8.76,-23.21,45.14
15:42:38:1,-37.72,-8.65,-23.16,45.10
15:42:38:1,-37.87,-7.91,-22.72,44.87
15:42:38:1,-38.50,-7.70,-22.79,45.39
15:42:38:1,-39.41,-7.39,-22.89,46.17
15:42:38:1,-39.53,-6.82,-22.32,45.90
15:42:38:2,-39.58,-6.54,-22.05,45.78
15:42:38:2,-37.79,-8.01,-23.49,45.21
15:42:38:2,-37.83,-8.02,-23.59,45.29
15:42:38:3,-39.07,-7.39,-23.89,46.39
15:42:38:3,-38.38,-6.95,-24.08,45.84
15:42:38:3,-37.19,-6.20,-24.39,44.90
15:42:38:3,-38.18,-6.75,-23.43,45.30
15:42:38:3,-38.73,-7.05,-22.89,45.53
15:42:38:3,-38.41,-6.74,-22.27,44.91
15:42:38:3,-38.38,-6.76,-22.36,44.92
15:42:38:3,-38.21,-7.56,-24.73,46.14
15:42:38:3,-38.50,-7.62,-24.01,46.01
15:42:38:4,-39.07,-7.74,-22.55,45.77
15:42:38:4,-38.45,-8.36,-22.75,45.45
15:42:38:4,-38.04,-8.76,-22.89,45.25
15:42:38:4,-36.08,-5.90,-22.44,42.90
15:42:38:4,-35.88,-5.53,-22.37,42.64
15:42:38:4,-39.07,-6.71,-21.88,45.28
15:42:38:5,-39.02,-6.76,-22.42,45.51
15:42:38:5,-38.90,-6.88,-23.72,46.08
15:42:38:5,-39.19,-7.56,-22.29,45.72
15:42:38:5,-39.41,-8.08,-21.21,45.48
15:42:38:5,-39.27,-7.93,-22.77,46.08
15:42:38:5,-39.24,-7.91,-23.05,46.19
15:42:38:6,-39.24,-6.20,-22.72,45.76
15:42:38:6,-39.02,-6.33,-22.93,45.70
15:42:38:6,-38.39,-6.71,-23.56,45.53
15:42:38:6,-39.02,-7.16,-23.65,46.19
15:42:38:6,-39.58,-7.56,-23.72,46.76
15:42:38:6,-39.17,-8.26,-23.86,46.60
15:42:38:7,-39.07,-8.42,-23.89,46.56
15:42:38:7,-38.56,-6.54,-21.71,44.73
15:42:38:7,-38.75,-6.73,-22.12,45.12
15:42:38:7,-39.41,-7.39,-23.56,46.51
15:42:38:7,-38.82,-7.31,-22.81,45.61
15:42:38:7,-38.21,-7.22,-22.05,44.71
15:42:38:8,-38.61,-7.09,-22.95,45.47
15:42:38:8,-38.73,-7.05,-23.22,45.70
15:42:38:8,-39.92,-6.54,-22.72,46.40
15:42:38:8,-39.61,-6.92,-22.66,46.15
15:42:38:8,-38.21,-8.59,-22.38,45.11
15:42:38:8,-38.29,-8.04,-22.77,45.27
15:42:38:9,-38.39,-7.39,-23.22,45.47
15:42:38:9,-38.89,-6.64,-22.97,45.65
15:42:38:9,-39.07,-6.37,-22.89,45.73
15:42:38:9,-39.41,-6.71,-21.55,45.41
15:42:38:9,-39.16,-6.66,-21.55,45.19
15:42:39:0,-37.70,-6.37,-21.55,43.89
15:42:39:0,-37.56,-7.09,-22.11,44.16
15:42:39:0,-37.36,-8.08,-22.89,44.55
15:42:39:0,-38.20,-7.24,-23.94,45.66
15:42:39:0,-38.56,-6.88,-24.39,46.14
15:42:39:0,-39.72,-6.05,-22.27,45.94
15:42:39:1,-39.55,-6.12,-22.38,45.85
15:42:39:1,-37.87,-6.88,-23.72,45.22
15:42:39:1,-38.01,-7.01,-23.59,45.28
15:42:39:1,-38.21,-7.22,-23.39,45.38
15:42:39:1,-38.55,-6.43,-22.83,45.27
15:42:39:1,-38.73,-6.02,-22.55,45.22
15:42:39:1,-39.37,-6.02,-23.18,46.08
15:42:39:2,-39.29,-6.13,-23.12,45.99
15:42:39:2,-37.70,-7.39,-21.88,44.21
15:42:39:2,-37.70,-7.27,-22.23,44.37
15:42:39:2,-37.70,-7.05,-22.89,44.66
15:42:39:2,-38.45,-6.52,-22.57,45.06
15:42:39:2,-38.90,-6.20,-22.38,45.30
15:42:39:3,-38.75,-5.43,-21.33,44.56
15:42:39:3,-38.67,-5.38,-21.29,44.47
15:42:39:3,-37.36,-6.37,-23.22,44.45
15:42:39:3,-38.00,-6.26,-23.12,44.92
15:42:39:3,-39.41,-6.02,-22.89,45.97
15:42:39:3,-38.31,-6.33,-23.18,45.22
15:42:39:4,-37.53,-6.54,-23.39,44.70
15:42:39:4,-39.30,-6.54,-22.81,45.91
15:42:39:4,-39.58,-6.54,-22.72,46.11
15:42:39:4,-39.75,-5.68,-22.89,46.22
15:42:39:4,-39.66,-5.59,-23.16,46.27
15:42:39:5,-39.41,-5.34,-23.89,46.40
15:42:39:5,-39.13,-6.19,-23.25,45.93
15:42:39:5,-38.90,-6.88,-22.72,45.57
15:42:39:5,-38.90,-7.45,-21.89,45.25
15:42:39:5,-38.90,-7.56,-21.71,45.19
15:42:39:5,-38.90,-6.88,-23.05,45.74
15:42:39:6,-38.86,-7.09,-23.18,45.80
15:42:39:6,-38.73,-7.74,-23.56,45.98
15:42:39:6,-38.99,-6.77,-23.64,46.10
15:42:39:6,-39.24,-5.85,-23.72,46.23
15:42:39:6,-38.16,-6.39,-22.40,44.71
15:42:39:6,-37.87,-6.54,-22.05,44.31
15:42:39:7,-39.75,-6.02,-22.22,45.94
15:42:39:7,-39.79,-6.13,-22.32,46.03
15:42:39:7,-39.92,-6.54,-22.72,46.40
15:42:39:7,-39.36,-6.29,-23.12,46.07
15:42:39:7,-38.73,-6.02,-23.56,45.73
15:42:39:7,-39.24,-5.77,-24.57,46.66
15:42:39:7,-39.41,-5.68,-24.90,46.96
15:42:39:8,-39.75,-5.34,-24.56,47.03
15:42:39:8,-39.75,-5.06,-24.67,47.06
15:42:39:8,-39.75,-3.63,-25.23,47.23
15:42:39:8,-39.90,-3.48,-25.23,47.34
15:42:39:8,-40.10,-3.29,-25.23,47.49
15:42:39:9,-40.59,-2.80,-26.67,48.64
15:42:39:9,-40.78,-2.60,-27.24,49.11
15:42:39:9,-40.61,-3.79,-27.41,49.14
15:42:39:9,-40.52,-3.71,-27.58,49.16
15:42:39:9,-39.92,-3.12,-28.75,49.30
15:42:39:9,-40.20,-2.71,-29.29,49.81
15:42:40:0,-40.61,-2.09,-30.09,50.59
15:42:40:0,-41.08,-1.86,-30.55,51.22
15:42:40:0,-41.29,-1.75,-30.76,51.52
15:42:40:0,-40.97,-2.07,-29.17,50.33
15:42:40:0,-41.01,-2.15,-29.30,50.45
15:42:40:0,-41.64,-2.77,-31.43,52.24
15:42:40:1,-41.26,-2.02,-31.80,52.13
15:42:40:1,-40.61,-0.72,-32.44,51.98
15:42:40:1,-40.50,-0.39,-32.76,52.09
15:42:40:1,-40.44,-0.21,-32.94,52.16
15:42:40:1,-41.54,0.89,-32.79,52.93
15:42:40:1,-41.76,1.14,-32.81,53.12
15:42:40:2,-44.03,3.73,-33.44,55.42
15:42:40:2,-44.09,4.01,-33.39,55.45
15:42:40:2,-44.20,4.58,-33.28,55.52
15:42:40:2,-43.17,4.17,-32.87,54.42
15:42:40:2,-42.49,3.90,-32.61,53.70
15:42:40:2,-42.64,2.24,-34.52,54.91
15:42:40:3,-42.68,2.00,-34.77,55.09
15:42:40:3,-43.69,0.99,-34.11,55.44
15:42:40:3,-43.99,1.19,-34.31,55.80
15:42:40:3,-44.72,1.67,-34.79,56.68
15:42:40:3,-44.04,0.02,-34.31,55.82
15:42:40:3,-43.52,-1.23,-33.95,55.21
15:42:40:4,-44.38,-1.52,-32.82,55.22
15:42:40:4,-44.54,-1.58,-32.61,55.23
15:42:40:4,-45.91,-3.63,-31.94,56.05
15:42:40:4,-45.91,-3.54,-31.76,55.94
15:42:40:4,-45.91,-3.29,-31.27,55.65
15:42:40:4,-45.64,-3.02,-30.64,55.05
15:42:40:5,-45.40,-2.77,-30.09,54.54
15:42:40:5,-46.23,-1.95,-32.79,56.71
15:42:40:5,-46.43,-1.75,-33.44,57.24
15:42:40:5,-47.80,-2.43,-32.44,57.81
15:42:40:5,-47.80,-2.51,-32.29,57.74
15:42:40:5,-47.80,-2.77,-31.77,57.46
15:42:40:6,-47.46,-1.42,-32.93,57.78
15:42:40:6,-47.11,-0.04,-34.11,58.17
15:42:40:6,-46.72,0.62,-36.05,59.01
15:42:40:6,-46.60,0.82,-36.63,59.28
15:42:40:6,-47.28,1.16,-37.97,60.65
15:42:40:6,-47.31,1.63,-38.06,60.74
15:42:40:7,-47.45,3.73,-38.47,61.20
15:42:40:7,-48.47,4.90,-38.70,62.22
15:42:40:7,-49.68,6.29,-38.97,63.45
15:42:40:7,-50.31,6.92,-40.08,64.69
15:42:40:7,-50.53,7.15,-40.48,65.14
15:42:40:8,-49.68,8.00,-42.66,65.97
15:42:40:8,-49.90,8.33,-42.39,66.00
15:42:40:8,-51.22,10.23,-40.82,66.29
15:42:40:8,-51.07,10.37,-41.24,66.46
15:42:40:8,-50.87,10.57,-41.82,66.70
15:42:40:8,-50.76,12.12,-42.64,67.39
15:42:40:8,-50.70,12.80,-43.00,67.70
15:42:40:9,-50.37,15.12,-43.00,67.93
15:42:40:9,-50.25,15.00,-43.07,67.86
15:42:40:9,-49.33,13.48,-43.67,67.25
15:42:40:9,-49.73,13.61,-43.02,67.15
15:42:40:9,-50.36,13.82,-41.99,67.01
15:42:40:9,-51.38,13.93,-40.99,67.19
15:42:41:0,-51.90,13.99,-40.48,67.29
15:42:41:0,-53.98,12.23,-39.70,68.12
15:42:41:0,-54.03,12.26,-39.54,68.06
15:42:41:0,-52.76,14.16,-38.30,66.72
15:42:41:0,-52.76,14.04,-38.19,66.62
15:42:41:0,-52.76,13.82,-37.97,66.45
15:42:41:1,-52.65,14.35,-39.32,67.27
15:42:41:1,-52.59,14.68,-40.15,67.77
15:42:41:1,-51.05,15.29,-41.65,67.64
15:42:41:1,-50.71,15.44,-41.93,67.59
15:42:41:1,-46.26,17.59,-45.01,66.89
15:42:41:1,-45.67,18.06,-45.89,67.22
15:42:41:2,-44.37,19.13,-47.86,68.01
15:42:41:2,-41.77,19.93,-48.25,66.85
15:42:41:2,-39.92,20.50,-48.53,66.10
15:42:41:2,-36.83,19.76,-49.82,65.03
15:42:41:2,-36.33,19.64,-50.04,64.88
15:42:41:3,-31.37,21.52,-51.21,63.79
15:42:41:3,-30.43,21.33,-51.30,63.35
15:42:41:3,-27.95,20.84,-51.54,62.22
15:42:41:3,-27.48,20.37,-52.00,62.24
15:42:41:3,-27.09,19.98,-52.38,62.27
15:42:41:3,-25.54,20.69,-52.24,61.72
15:42:41:3,-25.21,20.84,-52.21,61.61
15:42:41:4,-25.21,19.47,-52.88,61.74
15:42:41:4,-25.21,19.22,-52.40,61.25
15:42:41:4,-25.21,18.44,-50.87,59.70
15:42:41:4,-25.12,19.76,-49.75,59.13
15:42:41:4,-25.04,21.01,-48.69,58.65
15:42:41:4,-23.02,19.52,-50.15,58.53
15:42:41:5,-22.47,19.13,-50.54,58.52
15:42:41:5,-22.47,19.13,-48.86,57.08
15:42:41:5,-22.61,19.68,-49.20,57.61
15:42:41:5,-23.16,21.86,-50.54,59.74
15:42:41:5,-22.18,21.54,-50.54,59.24
15:42:41:5,-21.10,21.18,-50.54,58.72
15:42:41:6,-19.30,22.98,-50.54,58.78
15:42:41:6,-18.71,23.57,-50.54,58.82
15:42:41:6,-17.85,23.40,-51.04,58.92
15:42:41:6,-17.91,23.57,-51.15,59.10
15:42:41:6,-18.20,24.43,-51.71,60.02
15:42:41:7,-17.67,25.72,-52.53,61.09
15:42:41:7,-17.00,27.34,-53.55,62.49
15:42:41:7,-17.74,29.05,-53.55,63.46
15:42:41:7,-18.03,29.73,-53.55,63.85
15:42:41:7,-18.03,31.77,-56.21,67.04
15:42:41:7,-17.83,32.21,-56.39,67.34
15:42:41:8,-16.49,35.04,-57.41,69.25
15:42:41:8,-16.28,35.94,-57.88,70.05
15:42:41:8,-15.97,37.26,-58.58,71.24
15:42:41:8,-16.09,37.61,-60.07,72.67
15:42:41:8,-16.14,37.77,-60.76,73.34
15:42:41:8,-15.16,39.09,-60.44,73.56
15:42:41:9,-15.08,39.08,-60.46,73.55
15:42:41:9,-14.77,38.46,-60.76,73.41
15:42:41:9,-14.20,38.40,-61.07,73.52
15:42:41:9,-13.23,38.29,-61.60,73.72
15:42:41:9,-13.68,38.73,-62.68,74.94
15:42:41:9,-13.92,38.97,-63.27,75.61
15:42:41:9,-15.50,38.97,-62.35,75.14
15:42:42:0,-15.53,38.93,-62.25,75.04
15:42:42:0,-13.92,38.29,-61.93,74.13
15:42:42:0,-13.98,39.04,-62.21,74.76
15:42:42:0,-14.09,40.51,-62.77,76.03
15:42:42:0,-11.69,42.92,-62.26,76.51
15:42:42:0,-10.15,44.45,-61.93,76.90
15:42:42:1,-6.06,44.90,-60.89,75.90
15:42:42:1,-5.55,45.02,-60.72,75.79
15:42:42:1,-6.05,47.19,-59.25,75.99
15:42:42:1,-6.20,47.34,-59.10,75.97
15:42:42:1,-6.56,47.70,-58.75,75.96
15:42:42:2,-5.28,47.40,-58.46,75.45
15:42:42:2,-4.34,47.19,-58.25,75.09
15:42:42:2,-5.21,49.22,-57.10,75.57
15:42:42:2,-5.36,49.58,-56.90,75.66
15:42:42:2,-3.14,50.09,-56.07,75.25
15:42:42:2,-2.96,49.73,-55.53,74.61
15:42:42:3,-2.46,48.73,-54.06,72.82
15:42:42:3,-2.36,48.63,-53.78,72.55
15:42:42:3,-2.28,48.55,-53.55,72.32
15:42:42:3,-2.98,48.14,-55.60,73.60
15:42:42:3,-3.14,48.04,-56.07,73.90
15:42:42:3,-2.97,48.21,-54.89,73.12
15:42:42:4,-2.77,48.02,-55.01,73.07
15:42:42:4,-2.11,47.36,-55.40,72.91
15:42:42:4,-2.03,47.27,-55.31,72.79
15:42:42:4,-1.94,47.19,-55.23,72.67
15:42:42:4,-1.81,47.32,-55.36,72.85
15:42:42:4,-1.77,47.36,-55.40,72.90
15:42:42:5,-1.94,47.87,-54.56,72.61
15:42:42:5,-1.88,47.61,-54.56,72.43
15:42:42:5,-1.60,46.50,-54.56,71.71
15:42:42:5,-1.28,46.66,-54.87,72.04
15:42:42:5,-0.92,46.84,-55.23,72.42
15:42:42:5,-0.66,47.35,-55.23,72.75
15:42:42:6,-0.57,47.53,-55.23,72.87
15:42:42:6,0.62,48.38,-54.06,72.55
15:42:42:6,0.49,48.36,-54.19,72.63
15:42:42:6,-0.23,48.21,-54.89,73.06
15:42:42:6,-0.01,47.84,-54.68,72.65
15:42:42:6,0.28,47.36,-54.39,72.12
15:42:42:7,-0.45,47.60,-54.87,72.64
15:42:42:7,-0.74,47.70,-55.06,72.85
15:42:42:7,-1.08,49.05,-55.72,74.24
15:42:42:7,-1.07,48.83,-55.71,74.09
15:42:42:7,-0.92,47.19,-55.56,72.90
15:42:42:7,-0.64,47.19,-54.89,72.39
15:42:42:8,-0.23,47.19,-53.89,71.63
15:42:42:8,0.00,46.95,-53.66,71.30
15:42:42:8,0.11,46.84,-53.55,71.15
15:42:42:8,0.60,46.68,-54.99,72.13
15:42:42:8,0.53,46.61,-54.91,72.03
15:42:42:8,-0.40,45.99,-53.39,70.46
15:42:42:9,-0.22,46.67,-53.69,71.14
15:42:42:9,0.11,47.87,-54.22,72.33
15:42:42:9,-0.54,47.65,-54.86,72.67
15:42:42:9,-0.92,47.53,-55.23,72.87
15:42:42:9,-0.45,46.12,-53.85,70.90
15:42:42:9,-0.45,46.11,-53.71,70.79
15:42:43:0,-1.26,48.21,-53.55,72.07
15:42:43:0,-0.75,48.49,-53.83,72.45
15:42:43:0,0.28,49.07,-54.39,73.25
15:42:43:0,0.18,47.93,-54.49,72.57
15:42:43:0,0.11,47.19,-54.56,72.13
15:42:43:0,-0.64,47.34,-53.53,71.46
15:42:43:1,-0.73,47.35,-53.40,71.37
15:42:43:1,0.11,46.84,-53.89,71.40
15:42:43:1,-0.34,47.19,-54.13,71.82
15:42:43:1,-1.43,48.04,-54.73,72.84
15:42:43:1,-0.84,47.45,-53.96,71.86
15:42:43:1,-0.40,47.01,-53.39,71.14
15:42:43:2,-0.40,47.59,-54.52,72.37
15:42:43:2,-0.40,47.70,-54.73,72.60
15:42:43:2,-0.06,47.70,-54.39,72.34
15:42:43:2,-0.28,47.65,-54.78,72.61
15:42:43:2,-0.92,47.53,-55.90,73.38
15:42:43:3,-0.55,47.34,-55.36,72.85
15:42:43:3,-0.23,47.19,-54.89,72.39
15:42:43:3,0.46,47.60,-53.94,71.94
15:42:43:3,0.62,47.70,-53.72,71.84
15:42:43:3,-1.43,48.38,-53.72,72.31
15:42:43:3,-0.78,48.27,-53.46,72.03
15:42:43:3,1.48,47.87,-52.55,71.10
15:42:43:4,0.37,47.95,-52.96,71.45
15:42:43:4,-0.74,48.04,-53.39,71.82
15:42:43:4,-0.88,49.23,-54.03,73.10
15:42:43:4,-0.92,49.58,-54.22,73.48
15:42:43:4,-0.40,48.04,-53.39,71.82
15:42:43:4,-0.40,47.91,-53.58,71.87
15:42:43:5,-0.40,47.36,-54.39,72.12
15:42:43:5,-0.56,47.36,-54.70,72.36
15:42:43:5,-0.74,47.36,-55.06,72.63
15:42:43:5,0.14,47.48,-54.94,72.61
15:42:43:5,0.45,47.53,-54.89,72.61
15:42:43:6,0.11,48.21,-53.89,72.31
15:42:43:6,0.08,48.13,-53.81,72.19
15:42:43:6,-0.06,47.70,-53.39,71.59
15:42:43:6,0.16,47.77,-53.89,72.02
15:42:43:6,0.45,47.87,-54.56,72.58
15:42:43:6,-0.51,47.87,-54.32,72.41
15:42:43:6,-0.92,47.87,-54.22,72.34
15:42:43:7,-0.24,47.53,-53.24,71.37
15:42:43:7,-0.42,47.55,-53.36,71.47
15:42:43:7,-1.77,47.70,-54.39,72.37
15:42:43:7,-1.23,47.16,-54.39,72.00
15:42:43:7,-0.40,46.33,-54.39,71.45
15:42:43:7,0.17,46.90,-53.83,71.40
15:42:43:8,0.45,47.19,-53.55,71.38
15:42:43:8,-1.81,47.19,-52.60,70.69
15:42:43:8,-1.80,47.27,-52.63,70.77
15:42:43:8,-0.23,48.21,-53.55,72.06
15:42:43:8,-0.36,48.34,-53.67,72.23
15:42:43:8,-0.57,48.55,-53.89,72.54
15:42:43:9,-1.45,46.81,-53.89,71.40
15:42:43:9,-1.94,45.82,-53.89,70.76
15:42:43:9,-1.01,47.38,-54.19,71.99
15:42:43:9,-0.92,47.53,-54.21,72.10
15:42:43:9,-0.92,47.53,-53.89,71.86
15:42:44:0,-0.14,47.64,-54.21,72.17
15:42:44:0,1.48,47.87,-54.89,72.85
15:42:44:0,1.68,47.46,-54.29,72.13
15:42:44:0,1.82,47.19,-53.89,71.65
15:42:44:0,-0.73,47.34,-54.33,72.06
15:42:44:0,-1.08,47.35,-54.38,72.11
15:42:44:1,-0.92,46.84,-53.89,71.41
15:42:44:1,-0.92,47.04,-53.79,71.47
15:42:44:1,-0.92,47.53,-53.55,71.61
15:42:44:1,-0.33,46.95,-53.93,71.50
15:42:44:1,0.11,46.50,-54.22,71.43
15:42:44:1,-0.32,46.07,-53.80,70.83
15:42:44:1,-0.40,45.99,-53.72,70.72
15:42:44:2,-0.92,47.53,-54.56,72.36
15:42:44:2,-0.65,47.53,-54.64,72.43
15:42:44:2,0.11,47.53,-54.89,72.61
15:42:44:2,0.11,46.43,-54.71,71.76
15:42:44:2,0.11,45.47,-54.56,71.03
15:42:44:2,-0.17,47.41,-54.56,72.28
15:42:44:3,-0.23,47.87,-54.56,72.58
15:42:44:3,-0.23,47.19,-53.89,71.63
15:42:44:3,-0.23,47.11,-53.81,71.52
15:42:44:3,-0.23,46.84,-53.55,71.15
15:42:44:3,-0.40,46.67,-53.72,71.16
15:42:44:3,-0.57,46.50,-53.89,71.18
15:42:44:4,-0.44,47.16,-53.24,71.13
15:42:44:4,-0.40,47.36,-53.05,71.11
15:42:44:4,0.62,46.67,-52.72,70.41
15:42:44:4,0.30,46.74,-53.09,70.73
15:42:44:4,-1.09,47.01,-54.73,72.16
15:42:44:5,-0.38,47.41,-54.49,72.23
15:42:44:5,0.45,47.87,-54.22,72.33
15:42:44:5,0.96,47.62,-54.22,72.17
15:42:44:5,1.14,47.53,-54.22,72.11
15:42:44:5,-0.06,45.30,-54.06,70.53
15:42:44:5,-0.11,45.67,-54.11,70.81
15:42:44:6,-0.40,47.70,-54.39,72.34
15:42:44:6,0.48,47.11,-54.53,72.07
15:42:44:6,1.65,46.33,-54.73,71.72
15:42:44:6,0.08,46.21,-54.13,71.17
15:42:44:6,-0.57,46.16,-53.89,70.96
15:42:44:6,0.10,46.83,-54.22,71.64
15:42:44:7,-0.01,46.72,-54.22,71.57
15:42:44:7,-0.92,45.82,-54.22,71.00
15:42:44:7,-0.17,45.61,-54.95,71.42
15:42:44:7,0.97,45.30,-56.07,72.09
15:42:44:7,-0.30,46.80,-54.83,72.08
15:42:44:7,-0.92,47.53,-54.22,72.11
15:42:44:7,-0.59,47.20,-55.17,72.61
15:42:44:8,-0.46,47.16,-55.20,72.60
15:42:44:8,0.79,46.84,-54.89,72.17
15:42:44:8,0.61,46.66,-54.35,71.63
15:42:44:8,0.28,46.33,-53.39,70.69
15:42:44:8,0.28,45.68,-54.02,70.75
15:42:44:9,0.28,45.30,-54.39,70.79
15:42:44:9,2.00,47.02,-54.85,72.27
15:42:44:9,2.11,47.15,-54.91,72.41
15:42:44:9,0.94,46.21,-55.37,72.13
15:42:44:9,0.45,47.70,-53.41,71.61
15:42:44:9,0.62,47.58,-53.42,71.54
15:42:45:0,1.82,45.47,-54.89,71.31
15:42:45:0,1.49,45.54,-54.83,71.29
15:42:45:0,0.97,45.65,-54.73,71.27
15:42:45:0,1.08,45.76,-54.62,71.26
15:42:45:0,1.14,45.82,-54.56,71.25
15:42:45:0,1.45,46.44,-55.17,72.13
15:42:45:1,1.53,46.52,-55.03,72.07
15:42:45:1,1.99,46.67,-53.05,70.69
15:42:45:1,1.69,46.85,-53.34,71.02
15:42:45:1,1.14,47.19,-53.89,71.64
15:42:45:1,1.35,46.55,-54.30,71.54
15:42:45:1,1.48,46.16,-54.56,71.48
15:42:45:2,1.93,46.61,-54.71,71.89
15:42:45:2,1.93,46.71,-54.65,71.92
15:42:45:2,0.97,47.36,-53.39,71.37
15:42:45:2,1.35,47.30,-53.65,71.54
15:42:45:2,2.16,47.19,-54.22,71.91
15:42:45:2,1.76,46.59,-54.03,71.36
15:42:45:3,1.48,46.16,-53.89,70.97
15:42:45:3,0.76,46.01,-54.31,71.19
15:42:45:3,0.63,45.99,-54.39,71.23
15:42:45:3,1.14,46.16,-54.22,71.22
15:42:45:3,0.99,46.31,-54.27,71.35
15:42:45:3,0.62,46.67,-54.39,71.67
15:42:45:4,1.47,46.39,-55.22,72.13
15:42:45:4,2.16,46.16,-55.90,72.53
15:42:45:4,2.16,45.32,-53.99,70.53
15:42:45:4,2.16,45.13,-53.55,70.07
15:42:45:4,1.48,48.21,-54.56,72.82
15:42:45:4,1.61,47.73,-54.69,72.61
15:42:45:5,1.99,46.33,-55.06,71.99
15:42:45:5,1.28,46.68,-55.41,72.46
15:42:45:5,0.62,47.01,-55.73,72.92
15:42:45:5,1.69,46.75,-54.95,72.16
15:42:45:5,1.99,46.67,-54.73,71.95
15:42:45:5,2.68,46.67,-54.39,71.72
15:42:45:6,2.60,46.52,-54.32,71.56
15:42:45:6,2.33,45.99,-54.06,71.01
15:42:45:6,2.17,45.99,-54.54,71.38
15:42:45:6,1.99,45.99,-55.06,71.77
15:42:45:6,2.38,46.88,-55.19,72.45
15:42:45:6,2.51,47.19,-55.23,72.68
15:42:45:7,1.65,45.99,-55.06,71.76
15:42:45:7,1.88,46.08,-55.16,71.90
15:42:45:7,2.85,46.50,-55.56,72.51
15:42:45:7,2.23,46.50,-54.96,72.03
15:42:45:7,1.48,46.50,-54.22,71.45
15:42:45:7,2.58,46.13,-54.82,71.70
15:42:45:8,3.02,45.99,-55.06,71.80
15:42:45:8,-0.15,46.49,-53.59,70.94
15:42:45:8,0.06,46.69,-53.63,71.11
15:42:45:8,1.65,47.70,-54.06,72.11
15:42:45:8,2.15,47.06,-53.70,71.44
15:42:45:8,2.85,46.16,-53.22,70.51
15:42:45:9,3.08,46.62,-53.67,71.16
15:42:45:9,3.19,46.84,-53.89,71.47
15:42:45:9,2.55,46.52,-53.89,71.24
15:42:45:9,2.38,46.50,-54.01,71.31
15:42:45:9,1.48,46.50,-54.89,71.96
15:42:45:9,1.48,46.50,-54.89,71.96
15:42:46:0,1.93,46.95,-55.04,72.37
15:42:46:0,1.99,47.00,-55.06,72.42
15:42:46:0,1.99,45.99,-55.06,71.77
15:42:46:0,1.55,45.84,-54.72,71.40
15:42:46:0,0.45,45.47,-53.89,70.51
15:42:46:0,1.51,46.34,-54.74,71.73
15:42:46:1,2.33,47.01,-55.40,72.70
15:42:46:1,3.20,47.30,-53.99,71.85
15:42:46:1,3.36,47.36,-53.72,71.69
15:42:46:1,3.53,45.47,-53.55,70.34
15:42:46:1,3.01,45.65,-53.81,70.63
15:42:46:1,1.48,46.16,-54.56,71.48
15:42:46:2,2.38,46.16,-54.56,71.51
15:42:46:2,3.19,46.16,-54.56,71.54
15:42:46:2,1.54,45.88,-54.83,71.51
15:42:46:2,1.14,45.82,-54.89,71.51
15:42:46:2,1.31,47.36,-55.40,72.89
15:42:46:3,1.35,47.25,-55.43,72.85
15:42:46:3,1.48,46.84,-55.56,72.69
15:42:46:3,1.73,46.08,-54.49,71.38
15:42:46:3,1.99,45.30,-53.39,70.05
15:42:46:3,2.78,46.35,-54.16,71.34
15:42:46:3,3.02,46.67,-54.39,71.73
15:42:46:4,1.99,45.65,-54.06,70.78
15:42:46:4,2.02,45.68,-54.08,70.82
15:42:46:4,2.16,45.82,-54.22,71.02
15:42:46:4,2.08,45.58,-54.61,71.16
15:42:46:4,1.99,45.30,-55.06,71.33
15:42:46:4,0.99,44.80,-54.57,70.61
15:42:46:4,0.62,44.62,-54.39,70.35
15:42:46:5,2.68,47.01,-55.06,72.45
15:42:46:5,2.43,46.72,-55.11,72.29
15:42:46:5,0.97,44.96,-55.40,71.35
15:42:46:5,1.47,44.89,-54.90,70.93
15:42:46:5,2.16,44.79,-54.22,70.36
15:42:46:5,1.93,45.98,-54.46,71.30
15:42:46:6,1.82,46.50,-54.56,71.71
15:42:46:6,2.65,44.34,-56.35,71.75
15:42:46:6,2.83,44.65,-56.14,71.79
15:42:46:6,4.05,47.70,-54.06,72.21
15:42:46:6,4.11,46.98,-54.38,71.98
15:42:46:7,4.22,45.82,-54.89,71.63
15:42:46:7,2.75,45.03,-55.00,71.14
15:42:46:7,1.99,44.62,-55.06,70.90
15:42:46:7,2.95,45.26,-55.06,71.34
15:42:46:7,3.10,45.38,-54.96,71.34
15:42:46:7,4.05,46.33,-53.72,71.06
15:42:46:8,3.57,45.97,-53.96,70.97
15:42:46:8,2.68,45.30,-54.39,70.84
15:42:46:8,2.78,45.41,-55.54,71.80
15:42:46:8,2.85,45.47,-56.23,72.38
15:42:46:8,3.16,46.71,-54.12,71.56
15:42:46:8,3.18,46.77,-53.92,71.45
15:42:46:9,3.02,44.96,-54.73,70.89
15:42:46:9,2.86,45.44,-55.20,71.56
15:42:46:9,2.51,46.50,-56.23,73.01
15:42:46:9,3.61,46.00,-55.15,71.90
15:42:46:9,4.39,45.65,-54.39,71.14
15:42:46:9,2.76,46.09,-54.25,71.24
15:42:47:0,2.51,46.16,-54.22,71.26
15:42:47:0,3.88,47.19,-54.22,71.98
15:42:47:0,3.45,46.47,-54.55,71.74
15:42:47:0,2.33,44.62,-55.40,71.17
15:42:47:0,2.90,45.19,-55.02,71.26
15:42:47:0,3.36,45.65,-54.73,71.34
15:42:47:0,3.36,44.80,-53.89,70.16
15:42:47:1,3.36,44.62,-53.72,69.92
15:42:47:1,3.02,47.01,-54.39,71.96
15:42:47:1,3.02,46.60,-54.23,71.56
15:42:47:1,3.02,45.30,-53.72,70.34
15:42:47:1,2.40,45.57,-54.33,70.95
15:42:47:2,1.82,45.82,-54.89,71.53
15:42:47:2,1.14,45.41,-53.70,70.33
15:42:47:2,0.97,45.30,-53.39,70.02
15:42:47:2,2.68,44.28,-54.39,70.19
15:42:47:2,2.50,44.67,-54.71,70.67
15:42:47:2,1.82,46.16,-55.90,72.52
15:42:47:3,2.40,46.57,-55.49,72.49
15:42:47:3,3.02,47.01,-55.06,72.46
15:42:47:3,2.63,45.59,-54.93,71.43
15:42:47:3,2.51,45.13,-54.89,71.11
15:42:47:3,3.19,46.50,-53.55,71.00
15:42:47:3,3.10,46.12,-53.81,70.94
15:42:47:4,2.68,44.28,-55.06,70.71
15:42:47:4,1.84,45.42,-54.99,71.34
15:42:47:4,0.79,46.84,-54.89,72.17
15:42:47:4,2.77,45.61,-55.14,71.61
15:42:47:4,3.53,45.13,-55.23,71.41
15:42:47:4,3.02,46.67,-55.06,72.24
15:42:47:5,3.21,46.58,-55.02,72.16
15:42:47:5,4.39,45.99,-54.73,71.62
15:42:47:5,3.19,45.64,-55.07,71.59
15:42:47:5,1.48,45.13,-55.56,71.60
15:42:47:5,1.95,45.60,-54.18,70.85
15:42:47:6,2.16,45.82,-53.55,70.51
15:42:47:6,2.16,45.49,-55.16,71.53
15:42:47:6,2.26,45.51,-55.23,71.60
15:42:47:6,3.19,45.82,-55.23,71.83
15:42:47:6,3.70,45.94,-54.98,71.74
15:42:47:6,4.56,46.16,-54.56,71.61
15:42:47:7,4.02,46.56,-54.56,71.84
15:42:47:7,3.17,47.16,-54.66,72.26
15:42:47:7,3.02,47.01,-55.40,72.72
15:42:47:7,2.61,47.01,-54.86,72.30
15:42:47:7,1.99,47.01,-54.06,71.67
15:42:47:7,2.45,46.32,-55.18,72.09
15:42:47:7,2.68,45.99,-55.73,72.31
15:42:47:8,1.38,45.66,-55.10,71.57
15:42:47:8,1.43,45.59,-55.06,71.50
15:42:47:8,2.68,44.96,-55.06,71.14
15:42:47:8,3.17,45.46,-55.06,71.47
15:42:47:8,4.05,46.33,-55.06,72.07
15:42:47:8,2.64,45.57,-54.53,71.11
15:42:47:9,1.82,45.13,-54.22,70.57
15:42:47:9,2.13,45.13,-54.22,70.58
15:42:47:9,2.16,45.16,-54.28,70.64
15:42:47:9,2.16,45.82,-55.56,72.05
15:42:47:9,2.55,45.76,-55.51,71.99
15:42:47:9,3.36,45.65,-55.40,71.86
15:42:48:0,2.95,45.85,-54.59,71.35
15:42:48:0,3.26,45.55,-53.91,70.65
15:42:48:0,4.05,44.96,-53.72,70.17
15:42:48:0,4.16,45.64,-53.83,70.69
15:42:48:0,4.39,47.01,-54.06,71.77
15:42:48:0,3.98,46.41,-55.05,72.11
15:42:48:1,3.70,45.99,-55.73,72.35
15:42:48:1,1.66,46.86,-54.30,71.75
15:42:48:1,1.36,47.02,-54.06,71.66
15:42:48:1,2.85,47.19,-54.22,71.94
15:42:48:1,2.49,46.93,-54.47,71.94
15:42:48:1,1.65,46.33,-55.06,71.98
15:42:48:2,1.84,47.47,-55.06,72.72
15:42:48:2,1.99,48.38,-55.06,73.33
15:42:48:2,1.71,46.98,-55.06,72.40
15:42:48:2,1.65,46.67,-55.06,72.20
15:42:48:2,1.48,47.87,-55.23,73.10
15:42:48:3,1.75,47.96,-54.88,72.90
15:42:48:3,2.51,48.21,-53.89,72.35
15:42:48:3,2.15,47.67,-54.41,72.38
15:42:48:3,1.82,47.19,-54.89,72.41
15:42:48:3,2.09,47.45,-54.37,72.19
15:42:48:3,2.16,47.53,-54.22,72.14
15:42:48:4,3.70,47.70,-55.06,72.94
15:42:48:4,3.47,47.54,-55.14,72.89
15:42:48:4,2.68,47.01,-55.40,72.71
15:42:48:4,2.26,47.26,-54.66,72.30
15:42:48:4,1.82,47.53,-53.89,71.88
15:42:48:4,2.46,46.63,-55.02,72.16
15:42:48:4,2.68,46.33,-55.40,72.27
15:42:48:5,3.02,47.36,-54.06,71.93
15:42:48:5,2.89,47.16,-54.18,71.89
15:42:48:5,2.33,46.33,-54.73,71.74
15:42:48:5,2.57,46.41,-54.19,71.39
15:42:48:5,2.85,46.50,-53.55,70.98
15:42:48:5,3.34,47.98,-55.48,73.42
15:42:48:6,3.53,48.55,-56.23,74.38
15:42:48:6,2.36,47.72,-54.43,72.42
15:42:48:6,2.31,47.34,-54.47,72.21
15:42:48:6,2.16,45.47,-54.89,71.32
15:42:48:6,2.31,46.05,-54.75,71.58
15:42:48:6,2.51,46.84,-54.56,71.95
15:42:48:7,1.22,47.66,-54.90,72.71
15:42:48:7,0.62,48.04,-55.06,73.08
15:42:48:7,2.89,46.10,-54.11,71.14
15:42:48:7,3.00,46.14,-54.24,71.28
15:42:48:7,2.85,47.19,-55.56,72.95
15:42:48:8,2.58,46.92,-55.43,72.67
15:42:48:8,2.16,46.50,-55.23,72.23
15:42:48:8,2.72,46.17,-54.25,71.29
15:42:48:8,3.02,45.99,-53.72,70.78
15:42:48:8,3.18,46.46,-55.09,72.14
15:42:48:8,3.13,46.69,-55.14,72.32
15:42:48:9,2.51,48.55,-54.22,72.83
15:42:48:9,2.69,47.89,-54.52,72.61
15:42:48:9,3.02,46.67,-55.06,72.24
15:42:48:9,2.07,46.78,-54.96,72.20
15:42:48:9,1.48,46.84,-54.89,72.18
15:42:48:9,1.33,46.99,-54.75,72.16
15:42:49:0,1.46,47.00,-54.80,72.21
15:42:49:0,3.88,46.84,-55.90,73.03
15:42:49:0,3.49,46.68,-54.98,72.21
15:42:49:0,2.68,46.33,-53.05,70.48
15:42:49:0,2.94,46.70,-53.51,71.08
15:42:49:0,3.43,47.38,-54.37,72.20
15:42:49:0,4.26,46.51,-55.55,72.58
15:42:49:1,4.36,46.34,-55.69,72.58
15:42:49:1,3.19,46.84,-54.22,71.73
15:42:49:1,3.19,47.14,-54.61,72.21
15:42:49:1,3.19,47.87,-55.56,73.41
15:42:49:1,3.10,47.40,-54.92,72.61
15:42:49:2,3.02,47.01,-54.39,71.96
15:42:49:2,3.16,47.15,-53.71,71.54
15:42:49:2,3.19,47.19,-53.55,71.45
15:42:49:2,3.02,47.01,-53.39,71.20
15:42:49:2,3.19,47.36,-53.64,71.63
15:42:49:2,3.70,48.38,-54.39,72.89
15:42:49:3,3.70,47.15,-54.39,72.08
15:42:49:3,3.70,45.99,-54.39,71.32
15:42:49:3,3.44,46.25,-53.35,70.69
15:42:49:3,3.36,46.33,-53.05,70.51
15:42:49:3,2.85,47.53,-55.23,72.92
15:42:49:3,3.00,47.30,-54.86,72.50
15:42:49:4,3.53,46.50,-53.55,71.01
15:42:49:4,3.45,47.08,-53.47,71.33
15:42:49:4,3.36,47.70,-53.39,71.67
15:42:49:4,4.00,47.57,-54.01,72.08
15:42:49:4,4.22,47.53,-54.22,72.23
15:42:49:4,3.36,47.36,-54.06,71.94
15:42:49:5,3.36,47.68,-53.99,72.11
15:42:49:5,3.36,49.07,-53.72,72.84
15:42:49:5,3.44,47.92,-54.10,72.35
15:42:49:5,3.53,46.50,-54.56,71.77
15:42:49:5,3.41,47.11,-55.63,72.98
15:42:49:5,3.36,47.36,-56.07,73.47
15:42:49:6,3.86,45.53,-55.25,71.70
15:42:49:6,3.80,45.50,-54.95,71.44
15:42:49:6,3.36,45.65,-53.39,70.32
15:42:49:6,2.86,46.57,-53.87,71.27
15:42:49:6,2.16,47.87,-54.56,72.61
15:42:49:6,4.48,48.10,-53.88,72.36
15:42:49:7,5.59,48.21,-53.55,72.27
15:42:49:7,3.50,46.77,-54.66,72.02
15:42:49:7,3.44,46.67,-54.69,71.98
15:42:49:7,4.05,46.67,-54.39,71.79
15:42:49:7,3.98,46.61,-54.58,71.88
15:42:49:8,3.88,46.50,-54.89,72.05
15:42:49:8,3.88,46.52,-54.89,72.05
15:42:49:8,4.05,47.36,-54.73,72.49
15:42:49:8,3.27,46.89,-54.57,72.03
15:42:49:8,3.12,46.86,-54.52,71.95
15:42:49:8,2.33,47.01,-54.06,71.68
15:42:49:8,2.99,46.84,-54.69,72.07
15:42:49:9,4.22,46.50,-55.90,72.83
15:42:49:9,4.01,45.67,-55.29,71.82
15:42:49:9,3.88,45.13,-54.89,71.17
15:42:49:9,3.88,46.03,-55.18,71.96
15:42:49:9,3.88,46.21,-55.14,72.05
15:42:49:9,3.88,47.19,-53.55,71.48
15:42:50:0,3.55,46.65,-54.18,71.59
15:42:50:0,2.85,45.47,-55.56,71.86
15:42:50:0,2.65,46.26,-54.99,71.91
15:42:50:0,2.51,46.84,-54.56,71.95
15:42:50:0,2.79,45.98,-53.72,70.77
15:42:50:1,2.87,45.85,-53.58,70.58
15:42:50:1,4.05,47.70,-55.06,72.96
15:42:50:1,3.81,47.27,-55.01,72.63
15:42:50:1,3.19,46.16,-54.89,71.79
15:42:50:1,3.28,46.25,-55.17,72.06
15:42:50:1,3.36,46.33,-55.40,72.30
15:42:50:1,4.73,46.60,-55.40,72.55
15:42:50:2,5.07,46.67,-55.40,72.61
15:42:50:2,4.05,47.01,-53.05,71.00
15:42:50:2,3.62,46.51,-53.46,70.95
15:42:50:2,2.33,44.96,-54.73,70.87
15:42:50:2,2.94,45.40,-54.64,71.10
15:42:50:2,3.53,45.82,-54.56,71.33
15:42:50:3,3.80,46.61,-53.78,71.27
15:42:50:3,3.88,46.84,-53.55,71.26
15:42:50:3,3.70,44.62,-54.73,70.71
15:42:50:3,3.67,45.02,-54.55,70.82
15:42:50:3,3.53,46.50,-53.89,71.27
15:42:50:3,3.94,46.58,-54.28,71.64
15:42:50:4,4.39,46.67,-54.73,72.06
15:42:50:4,4.39,45.92,-53.74,70.82
15:42:50:4,4.39,45.65,-53.39,70.38
15:42:50:4,3.19,46.84,-53.89,71.47
15:42:50:4,3.34,46.63,-54.04,71.45
15:42:50:4,4.05,45.65,-54.73,71.38
15:42:50:5,3.82,45.87,-55.24,71.91
15:42:50:5,3.53,46.16,-55.90,72.58
15:42:50:5,3.53,47.12,-54.96,72.48
15:42:50:5,3.53,47.53,-54.56,72.44
15:42:50:5,4.69,46.37,-54.72,71.88
15:42:50:6,4.61,46.40,-54.70,71.88
15:42:50:6,3.88,46.84,-54.56,72.01
15:42:50:6,4.08,46.91,-54.08,71.71
15:42:50:6,4.39,47.01,-53.39,71.27
15:42:50:6,4.62,47.24,-54.28,72.11
15:42:50:6,4.73,47.36,-54.73,72.53
15:42:50:6,5.05,47.36,-54.10,72.08
15:42:50:7,4.90,47.30,-54.07,72.01
15:42:50:7,3.53,46.84,-54.22,71.74
15:42:50:7,3.53,46.97,-53.72,71.45
15:42:50:7,3.53,47.19,-52.88,70.96
15:42:50:7,3.75,46.53,-53.73,71.18
15:42:50:7,3.88,46.16,-54.22,71.32
15:42:50:8,4.34,47.23,-52.87,71.03
15:42:50:8,4.44,47.25,-52.74,70.95
15:42:50:8,5.07,45.99,-53.05,70.39
15:42:50:8,4.96,45.99,-53.73,70.90
15:42:50:8,4.73,45.99,-55.06,71.90
15:42:50:8,4.73,46.19,-54.66,71.72
15:42:50:9,4.73,46.33,-54.39,71.61
15:42:50:9,4.58,46.18,-54.54,71.61
15:42:50:9,4.60,46.23,-54.54,71.65
15:42:50:9,5.59,47.87,-54.22,72.55
15:42:50:9,5.32,47.40,-54.38,72.33
15:42:50:9,4.73,46.33,-54.73,71.86
15:42:51:0,4.34,46.72,-55.49,72.67
15:42:51:0,4.05,47.01,-56.07,73.28
15:42:51:0,5.61,47.72,-54.81,72.90
15:42:51:0,5.91,47.85,-54.56,72.81
15:42:51:0,4.05,45.99,-54.73,71.60
15:42:51:1,4.05,45.84,-54.68,71.47
15:42:51:1,4.05,45.26,-54.49,70.95
15:42:51:1,4.10,45.14,-54.49,70.87
15:42:51:1,4.40,46.01,-54.96,71.81
15:42:51:1,4.47,46.24,-54.81,71.85
15:42:51:1,4.39,45.99,-54.39,71.36
15:42:51:1,4.52,45.85,-54.78,71.58
15:42:51:2,4.56,45.82,-54.89,71.65
15:42:51:2,4.22,47.19,-53.89,71.75
15:42:51:2,4.48,47.25,-53.89,71.81
15:42:51:2,5.59,47.53,-53.89,72.07
15:42:51:2,5.02,47.13,-54.28,72.06
15:42:51:2,4.39,46.67,-54.73,72.06
15:42:51:3,5.41,46.67,-55.72,72.89
15:42:51:3,5.76,46.67,-56.07,73.18
15:42:51:3,3.19,45.47,-54.56,71.10
15:42:51:3,3.62,45.47,-54.66,71.20
15:42:51:3,5.93,45.47,-55.23,71.79
15:42:51:4,5.41,45.99,-54.72,71.69
15:42:51:4,4.73,46.67,-54.06,71.57
15:42:51:4,4.37,46.79,-54.65,72.08
15:42:51:4,4.22,46.84,-54.89,72.29
15:42:51:4,4.89,46.84,-54.56,72.08
15:42:51:4,4.88,46.78,-54.54,72.02
15:42:51:5,4.73,46.33,-54.39,71.61
15:42:51:5,4.46,46.47,-54.26,71.57
15:42:51:5,4.05,46.67,-54.06,71.53
15:42:51:5,4.62,45.86,-54.84,71.64
15:42:51:5,4.90,45.47,-55.23,71.71
15:42:51:5,5.39,47.58,-53.17,71.55
15:42:51:6,5.36,47.52,-53.11,71.47
15:42:51:6,4.73,45.65,-53.72,70.65
15:42:51:6,4.85,46.51,-53.60,71.13
15:42:51:6,5.07,48.04,-53.39,72.00
15:42:51:6,5.51,46.08,-53.60,70.90
15:42:51:6,5.76,44.96,-53.72,70.29
15:42:51:6,4.82,45.90,-53.41,70.59
15:42:51:7,4.56,46.04,-53.45,70.69
15:42:51:7,1.31,47.01,-54.73,72.16
15:42:51:7,2.03,46.18,-54.67,71.59
15:42:51:7,3.53,44.45,-54.56,70.46
15:42:51:7,2.30,46.09,-54.56,71.46
15:42:51:7,1.48,47.19,-54.56,72.15
15:42:51:8,2.08,45.99,-54.26,71.16
15:42:51:8,2.17,45.83,-54.24,71.05
15:42:51:8,2.33,46.67,-55.73,72.73
15:42:51:8,1.99,46.62,-55.10,72.21
15:42:51:8,1.14,46.50,-53.55,70.93
15:42:51:9,0.56,46.11,-53.93,70.96
15:42:51:9,0.11,45.82,-54.22,70.99
15:42:51:9,1.98,46.82,-52.39,70.29
15:42:51:9,2.33,47.01,-52.04,70.17
15:42:51:9,3.36,45.65,-53.72,70.57
15:42:51:9,3.62,45.82,-53.89,70.83
15:42:52:0,4.39,46.33,-54.39,71.58
15:42:52:0,4.75,45.60,-53.50,70.46
15:42:52:0,5.07,44.96,-52.72,69.47
15:42:52:0,3.70,45.51,-53.52,70.35
15:42:52:0,3.36,45.65,-53.72,70.57
15:42:52:0,4.39,45.99,-53.39,70.60
15:42:52:1,4.72,45.88,-53.35,70.52
15:42:52:1,5.93,45.47,-53.22,70.25
15:42:52:1,5.67,45.56,-53.63,70.60
15:42:52:1,5.42,45.65,-54.06,70.96
15:42:52:1,5.28,46.30,-54.96,72.06
15:42:52:1,5.24,46.50,-55.23,72.39
15:42:52:2,5.07,45.65,-54.39,71.19
15:42:52:2,5.23,45.49,-54.24,70.98
15:42:52:2,5.93,44.79,-53.55,70.07
15:42:52:2,5.30,44.95,-53.71,70.23
15:42:52:2,4.56,45.13,-53.89,70.44
15:42:52:2,5.68,46.76,-53.52,71.29
15:42:52:3,6.10,47.36,-53.39,71.62
15:42:52:3,5.07,45.99,-53.39,70.65
15:42:52:3,5.02,45.94,-53.53,70.72
15:42:52:3,4.73,45.65,-54.39,71.16
15:42:52:3,4.22,45.86,-54.04,71.00
15:42:52:3,3.53,46.16,-53.55,70.79
15:42:52:4,4.73,45.92,-54.25,71.24
15:42:52:4,5.24,45.82,-54.56,71.44
15:42:52:4,4.58,45.15,-53.58,70.22
15:42:52:4,4.54,45.27,-53.57,70.28
15:42:52:4,4.39,46.33,-53.72,71.08
15:42:52:4,4.45,46.40,-53.53,70.98
15:42:52:5,4.56,46.50,-53.22,70.82
15:42:52:5,5.01,46.73,-53.00,70.83
15:42:52:5,5.24,46.84,-52.88,70.84
15:42:52:5,5.24,46.52,-54.45,71.81
15:42:52:5,5.23,46.41,-54.50,71.77
15:42:52:5,5.07,45.30,-53.72,70.46
15:42:52:6,4.83,45.54,-54.07,70.86
15:42:52:6,4.39,45.99,-54.73,71.62
15:42:52:6,5.13,46.52,-53.58,71.14
15:42:52:6,5.59,46.84,-52.88,70.87
15:42:52:6,4.35,46.53,-53.79,71.26
15:42:52:7,4.26,46.48,-53.84,71.25
15:42:52:7,5.24,45.82,-52.55,69.91
15:42:52:7,5.14,46.14,-52.65,70.19
15:42:52:7,4.90,46.84,-52.88,70.82
15:42:52:7,4.90,46.44,-53.87,71.29
15:42:52:7,4.90,46.16,-54.56,71.63
15:42:52:7,4.75,46.60,-54.70,72.02
15:42:52:8,4.73,46.67,-54.73,72.08
15:42:52:8,6.27,47.19,-55.23,72.91
15:42:52:8,6.03,46.66,-55.18,72.52
15:42:52:8,5.42,45.30,-55.06,71.51
15:42:52:8,5.13,45.77,-54.23,71.15
15:42:52:8,4.90,46.16,-53.55,70.87
15:42:52:9,5.33,44.89,-53.69,70.18
15:42:52:9,5.42,44.62,-53.72,70.04
15:42:52:9,4.90,46.84,-53.89,71.57
15:42:52:9,5.06,46.43,-53.49,71.01
15:42:52:9,5.59,45.13,-52.21,69.24
15:42:52:9,5.76,45.48,-53.59,70.53
15:42:53:0,5.93,45.82,-54.89,71.75
15:42:53:0,5.11,46.90,-54.63,72.18
15:42:53:0,4.90,47.19,-54.56,72.30
15:42:53:0,5.07,46.67,-54.06,71.60
15:42:53:0,4.73,46.39,-53.92,71.29
15:42:53:0,3.36,45.30,-53.39,70.10
15:42:53:1,4.01,45.79,-54.35,71.18
15:42:53:1,4.73,46.33,-55.40,72.37
15:42:53:1,5.37,46.20,-54.26,71.47
15:42:53:1,5.59,46.16,-53.89,71.17
15:42:53:1,4.73,47.01,-53.05,71.04
15:42:53:2,4.73,46.90,-52.94,70.89
15:42:53:2,4.73,46.33,-52.38,70.09
15:42:53:2,4.80,46.41,-52.90,70.53
15:42:53:2,4.90,46.50,-53.55,71.09
15:42:53:2,5.15,47.24,-52.59,70.88
15:42:53:2,5.24,47.53,-52.21,70.80
15:42:53:2,4.40,48.03,-53.04,71.69
15:42:53:3,4.45,47.80,-52.94,71.47
15:42:53:3,4.90,46.16,-52.21,69.86
15:42:53:3,4.76,46.71,-52.21,70.22
15:42:53:3,4.56,47.53,-52.21,70.75
15:42:53:3,3.16,47.06,-52.44,70.53
15:42:53:3,2.51,46.84,-52.55,70.44
15:42:53:4,4.96,47.00,-52.39,70.56
15:42:53:4,4.99,47.03,-52.33,70.54
15:42:53:4,4.22,47.19,-51.88,70.25
15:42:53:4,4.53,47.00,-52.19,70.37
15:42:53:4,5.07,46.67,-52.72,70.59
15:42:53:4,4.30,47.44,-52.18,70.65
15:42:53:5,3.88,47.87,-51.88,70.70
15:42:53:5,4.19,46.93,-53.11,70.99
15:42:53:5,4.22,46.90,-53.09,70.96
15:42:53:5,4.22,47.87,-50.87,69.98
15:42:53:5,4.44,47.53,-51.21,70.01
15:42:53:6,4.90,46.84,-51.88,70.07
15:42:53:6,4.38,46.53,-51.78,69.75
15:42:53:6,4.05,46.33,-51.71,69.55
15:42:53:6,4.80,47.08,-53.04,71.09
15:42:53:6,4.89,47.21,-53.21,71.30
15:42:53:6,4.22,48.55,-52.88,71.92
15:42:53:7,4.37,48.50,-52.93,71.93
15:42:53:7,4.73,48.38,-53.05,71.96
15:42:53:7,4.05,47.70,-52.19,70.82
15:42:53:7,3.53,47.19,-51.54,69.97
15:42:53:7,3.39,48.20,-51.68,70.75
15:42:53:7,3.36,48.38,-51.71,70.90
15:42:53:8,2.85,46.84,-50.20,68.72
15:42:53:8,3.34,46.98,-50.77,69.25
15:42:53:8,4.73,47.36,-52.38,70.77
15:42:53:8,4.64,47.27,-52.11,70.51
15:42:53:8,4.56,47.19,-51.88,70.28
15:42:53:8,4.14,47.60,-51.20,70.03
15:42:53:8,4.05,47.70,-51.04,69.98
15:42:53:9,3.53,48.55,-50.54,70.17
15:42:53:9,3.53,48.55,-51.06,70.55
15:42:53:9,3.53,48.55,-52.88,71.88
15:42:53:9,4.38,47.87,-52.38,71.10
15:42:53:9,5.24,47.19,-51.88,70.32
15:42:53:9,3.39,47.19,-52.14,70.40
15:42:54:0,2.85,47.19,-52.21,70.43
15:42:54:0,3.70,46.33,-52.04,69.78
15:42:54:0,3.83,46.59,-52.04,69.95
15:42:54:0,4.39,47.70,-52.04,70.73
15:42:54:0,4.23,48.01,-52.20,71.05
15:42:54:1,4.05,48.38,-52.38,71.42
15:42:54:1,3.41,48.26,-51.52,70.67
15:42:54:1,3.19,48.21,-51.21,70.40
15:42:54:1,4.39,46.67,-52.04,70.04
15:42:54:1,4.21,46.75,-52.07,70.10
15:42:54:1,3.19,47.19,-52.21,70.45
15:42:54:2,3.04,47.48,-52.07,70.53
15:42:54:2,2.85,47.87,-51.88,70.65
15:42:54:2,3.33,47.15,-51.64,70.01
15:42:54:2,3.53,46.84,-51.54,69.74
15:42:54:2,3.36,47.34,-51.05,69.71
15:42:54:2,3.44,47.28,-51.19,69.77
15:42:54:3,4.05,46.67,-52.38,70.27
15:42:54:3,4.38,47.27,-52.05,70.45
15:42:54:3,4.90,48.21,-51.54,70.75
15:42:54:3,3.65,47.87,-51.88,70.68
15:42:54:3,3.02,47.70,-52.04,70.66
15:42:54:3,3.98,47.70,-52.04,70.71
15:42:54:4,3.99,47.67,-52.12,70.75
15:42:54:4,3.36,47.36,-53.05,71.19
15:42:54:4,3.72,47.84,-52.22,70.92
15:42:54:4,4.39,48.73,-50.70,70.46
15:42:54:4,3.85,47.97,-51.86,70.75
15:42:54:4,3.53,47.53,-52.55,70.94
15:42:54:5,4.46,46.60,-51.94,69.92
15:42:54:5,4.50,46.51,-51.83,69.78
15:42:54:5,3.02,46.67,-50.70,68.98
15:42:54:5,3.45,47.32,-51.66,70.14
15:42:54:5,4.39,48.73,-53.72,72.66
15:42:54:5,4.19,48.12,-52.93,71.65
15:42:54:6,4.05,47.70,-52.38,70.96
15:42:54:6,3.31,47.85,-51.36,70.27
15:42:54:6,3.19,47.87,-51.21,70.17
15:42:54:6,3.53,46.84,-51.88,69.99
15:42:54:6,3.63,46.94,-51.88,70.05
15:42:54:6,3.88,47.19,-51.88,70.23
15:42:54:7,3.88,47.56,-51.88,70.49
15:42:54:7,3.88,47.87,-51.88,70.70
15:42:54:7,4.02,46.88,-52.29,70.34
15:42:54:7,4.05,46.67,-52.38,70.27
15:42:54:7,4.05,46.67,-52.38,70.27
15:42:54:7,4.05,46.67,-52.54,70.39
15:42:54:8,4.05,46.67,-53.05,70.77
15:42:54:8,3.69,46.50,-52.53,70.25
15:42:54:8,3.36,46.33,-52.04,69.76
15:42:54:8,4.04,47.28,-51.38,69.94
15:42:54:8,4.22,47.53,-51.21,69.99
15:42:54:8,4.39,48.04,-52.72,71.46
15:42:54:9,4.14,47.86,-52.68,71.30
15:42:54:9,3.19,47.19,-52.55,70.70
15:42:54:9,3.35,47.35,-52.06,70.45
15:42:54:9,3.53,47.53,-51.54,70.20
15:42:54:9,4.31,47.53,-51.80,70.43
15:42:54:9,4.56,47.53,-51.88,70.51
15:42:55:0,3.19,46.84,-51.54,69.72
15:42:55:0,3.19,46.96,-51.83,70.01
15:42:55:0,3.19,47.53,-53.22,71.42
15:42:55:0,3.49,48.14,-52.47,71.29
15:42:55:0,3.88,48.90,-51.54,71.15
15:42:55:0,4.24,48.03,-51.18,70.32
15:42:55:1,4.39,47.70,-51.04,70.00
15:42:55:1,4.05,48.04,-52.71,71.43
15:42:55:1,4.07,48.06,-52.56,71.34
15:42:55:1,4.22,48.21,-51.54,70.70
15:42:55:1,4.49,47.52,-51.81,70.45
15:42:55:1,4.90,46.50,-52.21,70.09
15:42:55:2,4.08,45.92,-51.64,69.22
15:42:55:2,3.70,45.65,-51.37,68.82
15:42:55:2,2.23,47.77,-52.50,71.01
15:42:55:2,2.24,47.66,-52.47,70.92
15:42:55:2,3.02,45.65,-51.71,69.04
15:42:55:3,3.27,46.15,-51.59,69.29
15:42:55:3,3.70,47.01,-51.37,69.74
15:42:55:3,3.59,47.12,-51.91,70.20
15:42:55:3,3.53,47.19,-52.21,70.46
15:42:55:3,3.38,47.03,-52.06,70.23
15:42:55:3,3.36,46.95,-51.97,70.12
15:42:55:4,3.36,45.99,-50.70,68.54
15:42:55:4,3.42,46.61,-51.09,69.25
15:42:55:4,3.53,47.87,-51.88,70.68
15:42:55:4,4.05,47.35,-51.78,70.28
15:42:55:4,4.39,47.01,-51.71,70.03
15:42:55:4,3.93,47.47,-51.56,70.19
15:42:55:5,3.86,47.50,-51.56,70.21
15:42:55:5,3.36,46.33,-52.38,70.01
15:42:55:5,3.61,46.38,-51.73,69.57
15:42:55:5,4.22,46.50,-50.20,68.56
15:42:55:5,3.92,47.19,-50.87,69.50
15:42:55:5,3.70,47.70,-51.37,70.20
15:42:55:5,2.69,46.97,-51.23,69.56
15:42:55:6,2.51,46.84,-51.21,69.45
15:42:55:6,3.19,46.50,-52.55,70.24
15:42:55:6,3.10,46.68,-52.20,70.09
15:42:55:6,2.85,47.19,-51.21,69.69
15:42:55:6,3.86,46.73,-50.94,69.23
15:42:55:6,4.73,46.33,-50.70,68.85
15:42:55:7,4.04,46.19,-51.11,69.01
15:42:55:7,3.88,46.16,-51.21,69.05
15:42:55:7,3.19,47.87,-52.88,71.40
15:42:55:7,3.23,47.83,-52.54,71.13
15:42:55:7,3.36,47.70,-51.37,70.18
15:42:55:7,2.93,47.10,-50.95,69.45
15:42:55:8,2.51,46.50,-50.54,68.72
15:42:55:8,3.57,47.03,-51.58,69.89
15:42:55:8,3.88,47.19,-51.88,70.23
15:42:55:8,3.36,47.36,-51.04,69.71
15:42:55:8,3.33,47.52,-50.94,69.74
15:42:55:9,3.19,48.21,-50.54,69.92
15:42:55:9,3.75,47.34,-50.61,69.40
15:42:55:9,4.39,46.33,-50.70,68.82
15:42:55:9,4.14,48.10,-51.45,70.55
15:42:55:9,4.05,48.73,-51.71,71.17
15:42:55:9,2.51,46.84,-52.21,70.19
15:42:56:0,2.87,46.89,-52.06,70.12
15:42:56:0,4.90,47.19,-51.21,69.80
15:42:56:0,4.02,46.60,-51.49,69.57
15:42:56:0,2.85,45.82,-51.88,69.27
15:42:56:0,2.49,46.42,-52.23,69.92
15:42:56:0,2.33,46.67,-52.38,70.20
15:42:56:0,3.51,46.50,-51.56,69.52
15:42:56:1,3.43,46.48,-51.72,69.62
15:42:56:1,2.68,46.33,-53.05,70.48
15:42:56:1,3.01,46.40,-52.20,69.90
15:42:56:1,3.53,46.50,-50.87,69.01
15:42:56:1,3.19,47.07,-52.10,70.29
15:42:56:1,3.02,47.36,-52.72,70.93
15:42:56:2,4.31,47.68,-53.03,71.44
15:42:56:2,4.39,47.67,-52.94,71.38
15:42:56:2,4.39,47.36,-51.71,70.26
15:42:56:2,3.59,47.05,-51.89,70.14
15:42:56:2,2.16,46.50,-52.21,69.95
15:42:56:3,2.92,46.82,-52.53,70.43
15:42:56:3,3.36,47.01,-52.72,70.71
15:42:56:3,4.45,46.86,-50.74,69.21
15:42:56:3,4.48,46.83,-50.64,69.12
15:42:56:3,2.85,46.50,-52.88,70.48
15:42:56:3,2.96,46.50,-52.88,70.48
15:42:56:4,3.19,46.50,-52.88,70.49
15:42:56:4,3.80,46.70,-52.28,70.21
15:42:56:4,4.22,46.84,-51.88,70.02
15:42:56:4,3.77,46.69,-51.15,69.36
15:42:56:4,3.70,46.67,-51.05,69.27
15:42:56:4,3.02,46.67,-52.38,70.22
15:42:56:5,2.92,46.48,-52.09,69.87
15:42:56:5,2.68,45.99,-51.37,69.00
15:42:56:5,3.35,46.28,-51.28,69.15
15:42:56:5,3.88,46.50,-51.21,69.28
15:42:56:5,3.88,46.21,-51.21,69.09
15:42:56:5,3.88,46.16,-51.21,69.05
15:42:56:6,4.39,46.33,-51.04,69.07
15:42:56:6,4.09,46.37,-51.41,69.36
15:42:56:6,3.19,46.50,-52.55,70.24
15:42:56:6,3.46,47.13,-52.11,70.34
15:42:56:6,3.70,47.70,-51.71,70.45
15:42:56:6,3.84,47.29,-50.77,69.49
15:42:56:6,3.88,47.19,-50.54,69.25
15:42:56:7,4.05,48.38,-51.04,70.44
15:42:56:7,3.94,48.35,-51.29,70.59
15:42:56:7,3.53,48.21,-52.21,71.15
15:42:56:7,4.37,47.71,-52.87,71.35
15:42:56:7,5.24,47.19,-53.55,71.57
15:42:56:8,4.07,47.05,-53.43,71.31
15:42:56:8,3.70,47.01,-53.39,71.23
15:42:56:8,4.05,47.36,-52.04,70.48
15:42:56:8,3.74,47.24,-51.87,70.25
15:42:56:8,2.33,46.67,-51.04,69.20
15:42:56:8,3.49,46.59,-50.96,69.14
15:42:56:9,4.90,46.50,-50.87,69.10
15:42:56:9,3.54,46.87,-51.48,69.71
15:42:56:9,3.02,47.01,-51.71,69.95
15:42:56:9,4.22,48.90,-52.21,71.66
15:42:56:9,4.12,48.70,-52.17,71.49
15:42:56:9,3.53,47.53,-51.88,70.45
15:42:57:0,3.67,47.81,-52.02,70.75
15:42:57:0,3.88,48.21,-52.21,71.17
15:42:57:0,4.11,47.03,-51.75,70.05
15:42:57:0,4.22,46.50,-51.54,69.55
15:42:57:0,3.72,45.67,-51.70,69.09
15:42:57:0,3.68,45.91,-51.80,69.31
15:42:57:1,3.53,48.21,-52.55,71.40
15:42:57:1,3.34,48.28,-52.23,71.20
15:42:57:1,3.02,48.38,-51.71,70.88
15:42:57:1,3.80,48.05,-52.70,71.41
15:42:57:1,4.22,47.87,-53.22,71.70
15:42:57:1,5.17,47.55,-52.91,71.32
15:42:57:2,5.13,47.55,-52.84,71.27
15:42:57:2,3.53,47.87,-52.21,70.92
15:42:57:2,3.83,47.81,-51.58,70.43
15:42:57:2,4.39,47.70,-50.37,69.51
15:42:57:2,4.39,47.70,-52.23,70.87
15:42:57:2,4.39,47.70,-53.39,71.73
15:42:57:3,3.62,48.46,-52.04,71.20
15:42:57:3,3.55,48.46,-51.89,71.09
15:42:57:3,4.05,45.65,-52.38,69.60
15:42:57:3,3.99,46.01,-52.43,69.87
15:42:57:3,3.88,46.84,-52.55,70.50
15:42:57:3,3.18,47.74,-52.06,70.71
15:42:57:4,2.68,48.38,-51.71,70.87
15:42:57:4,3.12,47.65,-52.72,71.13
15:42:57:4,3.19,47.53,-52.88,71.17
15:42:57:4,3.53,47.53,-52.88,71.19
15:42:57:4,3.30,47.30,-52.75,70.92
15:42:57:4,2.68,46.67,-52.38,70.21
15:42:57:5,2.96,46.58,-53.02,70.63
15:42:57:5,3.19,46.50,-53.55,71.00
15:42:57:5,3.05,46.64,-52.59,70.36
15:42:57:5,3.02,46.67,-52.38,70.22
15:42:57:5,3.70,46.67,-53.39,71.01
15:42:57:5,3.43,46.63,-53.27,70.88
15:42:57:6,2.51,46.50,-52.88,70.47
15:42:57:6,3.29,46.76,-52.11,70.10
15:42:57:6,4.05,47.01,-51.37,69.76
15:42:57:6,3.51,47.28,-51.11,69.72
15:42:57:6,3.36,47.36,-51.04,69.71
15:42:57:7,3.19,47.19,-51.54,69.95
15:42:57:7,3.26,47.05,-51.34,69.72
15:42:57:7,3.53,46.50,-50.54,68.77
15:42:57:7,3.61,46.10,-50.93,68.79
15:42:57:7,3.70,45.65,-51.37,68.82
15:42:57:7,4.09,46.03,-51.50,69.19
15:42:57:7,4.22,46.16,-51.54,69.32
15:42:57:8,2.68,47.70,-51.71,70.40
15:42:57:8,2.46,47.59,-51.87,70.44
15:42:57:8,1.31,47.01,-52.72,70.65
15:42:57:8,1.97,47.38,-53.08,71.18
15:42:57:8,2.85,47.87,-53.55,71.89
15:42:57:8,2.12,45.94,-53.32,70.41
15:42:57:9,1.82,45.13,-53.22,69.80
15:42:57:9,4.68,46.98,-50.42,69.07
15:42:57:9,4.46,47.03,-50.55,69.19
15:42:57:9,2.51,47.19,-51.88,70.17
15:42:57:9,2.91,47.05,-52.54,70.59
15:42:57:9,3.53,46.84,-53.55,71.24
15:42:58:0,3.07,46.61,-52.88,70.56
15:42:58:0,2.85,46.50,-52.55,70.23
15:42:58:0,2.69,46.66,-51.76,69.74
15:42:58:0,2.77,46.63,-51.75,69.71
15:42:58:0,3.88,46.16,-52.21,69.80
15:42:58:1,3.51,46.28,-52.33,69.95
15:42:58:1,2.85,46.50,-52.55,70.23
15:42:58:1,3.28,46.28,-52.13,69.79
15:42:58:1,3.53,46.16,-51.88,69.53
15:42:58:1,4.46,46.78,-52.79,70.67
15:42:58:1,4.51,46.81,-52.90,70.78
15:42:58:2,3.36,45.99,-53.39,70.54
15:42:58:2,3.52,46.15,-53.23,70.54
15:42:58:2,3.88,46.50,-52.88,70.53
15:42:58:2,4.08,46.10,-52.69,70.12
15:42:58:2,4.22,45.82,-52.55,69.85
15:42:58:2,4.36,46.26,-52.40,70.04
15:42:58:3,4.39,46.33,-52.38,70.07
15:42:58:3,4.39,47.36,-52.38,70.75
15:42:58:3,4.20,47.07,-52.47,70.62
15:42:58:3,3.70,46.33,-52.72,70.28
15:42:58:3,4.18,46.42,-52.62,70.30
15:42:58:3,4.56,46.50,-52.55,70.32
15:42:58:3,4.56,47.92,-52.27,71.06
15:42:58:4,4.56,48.21,-52.21,71.21
15:42:58:4,4.39,48.73,-51.37,70.94
15:42:58:4,4.14,47.98,-51.46,70.48
15:42:58:4,3.36,45.65,-51.71,69.06
15:42:58:4,4.24,45.65,-51.88,69.23
15:42:58:4,5.07,45.65,-52.04,69.41
15:42:58:5,3.04,46.59,-51.91,69.82
15:42:58:5,2.51,46.84,-51.88,69.94
15:42:58:5,4.22,46.16,-50.54,68.57
15:42:58:5,4.36,46.23,-50.81,68.83
15:42:58:5,4.90,46.50,-51.88,69.84
15:42:58:6,4.25,46.66,-51.08,69.31
15:42:58:6,3.53,46.84,-50.20,68.75
15:42:58:6,2.76,47.10,-51.97,70.19
15:42:58:6,2.51,47.19,-52.55,70.67
15:42:58:6,3.19,46.84,-51.54,69.72
15:42:58:6,3.25,46.78,-51.49,69.64
15:42:58:7,3.53,46.50,-51.21,69.26
15:42:58:7,2.93,46.65,-51.80,69.77
15:42:58:7,2.16,46.84,-52.55,70.43
15:42:58:7,4.00,45.98,-52.67,70.03
15:42:58:7,4.73,45.65,-52.72,69.89
15:42:58:7,4.05,46.32,-51.72,69.55
15:42:58:8,3.83,46.42,-52.01,69.82
15:42:58:8,2.33,47.01,-54.06,71.68
15:42:58:8,2.20,47.29,-53.52,71.45
15:42:58:8,1.99,47.70,-52.72,71.12
15:42:58:8,2.97,47.42,-52.31,70.66
15:42:58:8,4.07,46.94,-51.88,70.08
15:42:58:9,2.16,46.50,-52.88,70.45
15:42:58:9,3.06,46.98,-52.68,70.65
15:42:58:9,4.39,47.70,-52.38,70.98
15:42:58:9,4.62,47.02,-52.38,70.54
15:42:58:9,4.73,46.67,-52.38,70.32
15:42:58:9,3.31,46.51,-51.29,69.32
15:42:59:0,3.21,46.59,-51.22,69.32
15:42:59:0,3.36,47.36,-51.37,69.95
15:42:59:0,3.36,47.48,-51.37,70.04
15:42:59:0,3.36,47.70,-51.37,70.18
15:42:59:0,3.58,46.62,-51.80,69.78
15:42:59:0,3.70,45.99,-52.04,69.55
15:42:59:1,4.31,46.60,-50.55,68.89
15:42:59:1,4.38,46.66,-50.47,68.88
15:42:59:1,4.22,46.50,-51.88,69.80
15:42:59:1,4.16,46.56,-51.26,69.38
15:42:59:1,4.05,46.67,-50.04,68.54
15:42:59:1,4.65,47.48,-51.03,69.85
15:42:59:2,5.07,48.04,-51.71,70.76
15:42:59:2,3.03,47.46,-51.71,70.25
15:42:59:2,2.72,47.34,-51.74,70.18
15:42:59:2,3.88,46.84,-52.55,70.50
15:42:59:2,3.93,46.99,-52.80,70.79
15:42:59:2,4.05,47.36,-53.39,71.48
15:42:59:3,4.33,46.12,-52.92,70.33
15:42:59:3,4.56,45.13,-52.55,69.42
15:42:59:3,4.56,46.25,-51.45,69.33
15:42:59:3,4.56,46.50,-51.21,69.32
15:42:59:3,4.22,47.53,-51.21,69.99
15:42:59:3,4.04,47.53,-51.55,70.24
15:42:59:4,3.53,47.53,-52.55,70.94
15:42:59:4,4.69,47.08,-52.64,70.77
15:42:59:4,5.76,46.67,-52.72,70.64
15:42:59:4,4.15,47.21,-52.19,70.49
15:42:59:4,3.70,47.36,-52.04,70.46
15:42:59:4,3.70,46.67,-51.37,69.51
15:42:59:5,3.82,46.86,-51.19,69.50
15:42:59:5,4.22,47.53,-50.54,69.50
15:42:59:5,4.30,47.11,-50.94,69.52
15:42:59:5,4.39,46.67,-51.37,69.55
15:42:59:5,5.80,45.77,-50.50,68.40
15:42:59:5,6.27,45.47,-50.20,68.02
15:42:59:6,2.33,48.04,-51.71,70.62
15:42:59:6,2.56,47.69,-51.36,70.13
15:42:59:6,3.53,46.16,-49.87,68.04
15:42:59:6,3.76,46.54,-50.55,68.81
15:42:59:6,4.05,47.01,-51.37,69.76
15:42:59:6,4.78,46.28,-50.42,68.61
15:42:59:7,5.07,45.99,-50.04,68.15
15:42:59:7,4.24,47.82,-50.85,69.93
15:42:59:7,4.14,47.79,-50.64,69.75
15:42:59:7,3.70,47.36,-49.36,68.51
15:42:59:7,3.28,46.93,-49.92,68.59
15:42:59:7,2.68,46.33,-50.70,68.74
15:42:59:8,2.56,45.98,-50.82,68.58
15:42:59:8,2.51,45.82,-50.87,68.51
15:42:59:8,2.99,47.26,-50.40,69.16
15:42:59:8,2.98,47.36,-50.25,69.11
15:42:59:8,2.68,47.36,-49.36,68.46
15:42:59:8,2.81,47.10,-49.74,68.56
15:42:59:9,3.02,46.67,-50.37,68.73
15:42:59:9,3.13,47.22,-50.69,69.35
15:42:59:9,3.19,47.53,-50.87,69.69
15:42:59:9,3.50,48.14,-50.57,69.91
15:42:59:9,3.52,48.17,-50.52,69.90
15:42:59:9,3.36,47.70,-50.37,69.45
15:43:00:0,3.77,47.64,-49.97,69.14
15:43:00:0,4.56,47.53,-49.20,68.56
15:43:00:0,4.35,47.94,-50.20,69.55
15:43:00:0,4.22,48.21,-50.87,70.22
15:43:00:0,4.36,47.47,-50.73,69.61
15:43:00:1,4.34,47.32,-50.64,69.44
15:43:00:1,3.02,46.33,-49.03,67.52
15:43:00:1,2.76,46.69,-49.08,67.80
15:43:00:1,2.16,47.53,-49.20,68.44
15:43:00:1,2.84,48.01,-49.86,69.27
15:43:00:1,3.36,48.38,-50.37,69.92
15:43:00:1,3.50,47.68,-50.51,69.54
15:43:00:2,3.52,47.52,-50.53,69.46
15:43:00:2,2.33,46.67,-50.04,68.46
15:43:00:2,2.43,47.04,-50.31,68.91
15:43:00:2,2.68,48.04,-51.04,70.14
15:43:00:2,3.22,47.32,-49.80,68.77
15:43:00:2,3.70,46.67,-48.69,67.55
15:43:00:3,3.16,47.75,-50.28,69.42
15:43:00:3,3.02,48.04,-50.70,69.91
15:43:00:3,1.82,46.50,-50.20,68.45
15:43:00:3,1.98,46.90,-50.12,68.67
15:43:00:3,2.51,48.21,-49.87,69.41
15:43:00:3,2.59,47.96,-49.78,69.17
15:43:00:4,2.68,47.70,-49.70,68.94
15:43:00:4,2.68,47.96,-50.71,69.84
15:43:00:4,2.68,48.04,-51.04,70.14
15:43:00:4,1.48,46.50,-51.54,69.43
15:43:00:4,1.75,46.57,-51.22,69.24
15:43:00:4,2.85,46.84,-49.87,68.48
15:43:00:5,2.38,47.00,-50.17,68.79
15:43:00:5,1.82,47.19,-50.54,69.17
15:43:00:5,2.56,47.19,-51.26,69.72
15:43:00:5,2.85,47.19,-51.54,69.94
15:43:00:5,3.18,48.19,-51.87,70.87
15:43:00:6,3.30,48.05,-51.66,70.63
15:43:00:6,3.88,47.19,-50.54,69.25
15:43:00:6,3.44,47.04,-50.54,69.13
15:43:00:6,2.85,46.84,-50.54,68.97
15:43:00:7,3.43,47.43,-50.65,69.47
15:43:00:7,3.70,47.70,-50.70,69.71
15:43:00:7,4.51,45.92,-51.18,68.91
15:43:00:7,4.50,45.84,-51.14,68.83
15:43:00:7,4.05,45.99,-50.70,68.57
15:43:00:7,3.58,46.58,-51.03,69.18
15:43:00:7,2.85,47.53,-51.54,70.17
15:43:00:7,3.73,47.31,-50.24,69.11
15:43:00:7,4.22,47.19,-49.53,68.54
15:43:00:8,3.59,47.19,-51.36,69.84
15:43:00:8,3.49,47.26,-51.47,69.96
15:43:00:8,3.02,48.04,-50.70,69.91
15:43:00:8,3.20,47.62,-50.53,69.50
15:43:00:8,3.53,46.84,-50.20,68.75
15:43:00:8,3.01,46.74,-49.89,68.43
15:43:00:9,2.68,46.67,-49.70,68.23
15:43:00:9,2.68,46.67,-50.87,69.09
15:43:00:9,2.85,46.75,-50.98,69.23
15:43:00:9,5.93,48.21,-49.87,69.62
15:43:00:9,4.86,47.68,-49.87,69.16
15:43:01:0,2.51,46.50,-49.87,68.23
15:43:01:0,2.80,46.99,-50.16,68.79
15:43:01:0,3.02,47.36,-50.37,69.20
15:43:01:0,2.73,47.64,-48.68,68.17
15:43:01:0,2.69,47.71,-48.39,68.01
15:43:01:0,3.36,48.38,-50.04,69.68
15:43:01:1,3.27,48.86,-49.94,69.94
15:43:01:1,3.02,50.09,-49.70,70.63
15:43:01:1,3.02,48.98,-50.42,70.36
15:43:01:1,3.02,48.04,-51.04,70.16
15:43:01:1,2.61,48.45,-49.83,69.55
15:43:01:1,2.51,48.55,-49.53,69.41
15:43:01:2,3.36,48.38,-49.70,69.44
15:43:01:2,3.32,48.51,-49.66,69.50
15:43:01:2,3.19,48.90,-49.53,69.67
15:43:01:2,3.45,47.94,-49.62,69.08
15:43:01:2,3.70,47.01,-49.70,68.51
15:43:01:2,3.83,48.20,-49.57,69.24
15:43:01:2,3.88,48.55,-49.53,69.47
15:43:01:3,3.19,48.21,-48.53,68.48
15:43:01:3,3.19,48.50,-48.88,68.93
15:43:01:3,3.19,49.58,-50.20,70.63
15:43:01:3,3.03,49.26,-49.89,70.17
15:43:01:3,2.85,48.90,-49.53,69.66
15:43:01:4,2.97,48.77,-49.65,69.66
15:43:01:4,3.02,48.73,-49.70,69.67
15:43:01:4,1.83,49.24,-49.53,69.86
15:43:01:4,2.24,49.06,-49.47,69.71
15:43:01:4,4.22,48.21,-49.20,69.01
15:43:01:4,3.77,48.21,-49.63,69.30
15:43:01:5,3.19,48.21,-50.20,69.68
15:43:01:5,2.59,47.62,-49.85,68.99
15:43:01:5,2.33,47.36,-49.70,68.69
15:43:01:5,2.99,46.70,-49.38,68.03
15:43:01:5,2.85,46.84,-49.34,68.09
15:43:01:5,1.82,47.87,-49.20,68.67
15:43:01:6,2.16,47.67,-49.93,69.06
15:43:01:6,2.68,47.36,-51.04,69.68
15:43:01:6,3.02,48.15,-50.27,69.67
15:43:01:6,3.19,48.55,-49.87,69.67
15:43:01:6,2.24,47.29,-49.56,68.54
15:43:01:6,2.27,47.29,-49.60,68.57
15:43:01:7,3.19,48.21,-50.20,69.68
15:43:01:7,3.25,48.27,-50.38,69.85
15:43:01:7,3.36,48.38,-50.70,70.17
15:43:01:7,3.25,48.06,-50.39,69.71
15:43:01:7,3.19,47.87,-50.20,69.44
15:43:01:7,2.74,48.02,-49.46,68.99
15:43:01:8,2.70,48.02,-49.43,68.96
15:43:01:8,3.02,47.70,-50.37,69.44
15:43:01:8,2.85,47.64,-50.31,69.35
15:43:01:8,2.51,47.53,-50.20,69.18
15:43:01:8,2.91,47.73,-50.20,69.33
15:43:01:8,3.19,47.87,-50.20,69.44
15:43:01:9,2.61,47.58,-49.92,69.01
15:43:01:9,2.50,47.56,-49.84,68.94
15:43:01:9,2.33,48.73,-49.03,69.16
15:43:01:9,2.68,48.58,-49.17,69.17
15:43:01:9,3.53,48.21,-49.53,69.21
15:43:01:9,3.81,47.74,-48.88,68.44
15:43:02:0,4.05,47.36,-48.36,67.81
15:43:02:0,3.21,47.63,-50.54,69.52
15:43:02:0,3.02,47.70,-51.04,69.92
15:43:02:0,1.82,47.87,-50.87,69.88
15:43:02:0,2.04,47.83,-50.32,69.45
15:43:02:0,2.68,47.70,-48.69,68.22
15:43:02:1,2.15,48.23,-49.04,68.81
15:43:02:1,1.65,48.73,-49.36,69.38
15:43:02:1,3.24,48.73,-49.62,69.62
15:43:02:1,3.70,48.73,-49.70,69.70
15:43:02:1,2.51,48.90,-48.86,69.17
15:43:02:1,2.25,48.79,-48.97,69.16
15:43:02:2,1.31,48.38,-49.36,69.13
15:43:02:2,2.46,47.89,-49.36,68.82
15:43:02:2,3.70,47.36,-49.36,68.51
15:43:02:2,3.45,48.37,-49.36,69.20
15:43:02:2,3.36,48.73,-49.36,69.44
15:43:02:3,1.31,46.33,-49.36,67.71
15:43:02:3,1.74,46.58,-49.55,68.02
15:43:02:3,3.70,47.70,-50.37,69.47
15:43:02:3,2.95,47.55,-50.81,69.65
15:43:02:3,1.99,47.36,-51.37,69.90
15:43:02:3,2.11,47.72,-50.08,69.20
15:43:02:3,2.16,47.87,-49.53,68.92
15:43:02:4,3.65,49.35,-50.34,70.59
15:43:02:4,3.60,49.21,-50.32,70.48
15:43:02:4,3.02,48.04,-50.04,69.43
15:43:02:4,3.16,48.04,-50.04,69.44
15:43:02:4,3.36,48.04,-50.04,69.45
15:43:02:4,2.79,47.70,-49.92,69.10
15:43:02:5,2.51,47.53,-49.87,68.93
15:43:02:5,2.82,47.53,-50.18,69.17
15:43:02:5,3.02,47.58,-50.29,69.30
15:43:02:5,4.39,48.04,-51.04,70.23
15:43:02:5,4.26,47.66,-51.28,70.14
15:43:02:5,4.05,47.01,-51.71,70.00
15:43:02:6,3.61,46.80,-51.50,69.68
15:43:02:6,3.36,46.67,-51.37,69.49
15:43:02:6,1.53,48.50,-51.67,70.89
15:43:02:6,1.45,48.63,-51.59,70.91
15:43:02:6,3.36,47.36,-50.04,68.97
15:43:02:7,3.25,48.04,-50.14,69.52
15:43:02:7,3.02,49.41,-50.37,70.62
15:43:02:7,3.32,48.49,-50.87,70.36
15:43:02:7,3.53,47.87,-51.21,70.19
15:43:02:7,3.53,48.46,-51.78,71.00
15:43:02:7,3.53,48.56,-51.85,71.12
15:43:02:8,3.36,48.73,-51.04,70.64
15:43:02:8,3.56,48.52,-51.24,70.66
15:43:02:8,4.05,48.04,-51.71,70.70
15:43:02:8,3.85,48.42,-50.96,70.40
15:43:02:8,3.70,48.73,-50.37,70.18
15:43:02:8,3.56,47.74,-50.51,69.59
15:43:02:8,3.53,47.53,-50.54,69.47
15:43:02:9,2.85,48.21,-51.21,70.39
15:43:02:9,2.98,48.08,-51.25,70.33
15:43:02:9,3.36,47.70,-51.37,70.18
15:43:02:9,3.45,47.61,-50.59,69.55
15:43:02:9,3.53,47.53,-49.87,68.98
15:43:02:9,3.40,48.20,-50.26,69.72
15:43:03:0,3.36,48.38,-50.37,69.92
15:43:03:0,3.70,48.04,-51.71,70.68
15:43:03:0,4.05,48.08,-51.75,70.75
15:43:03:0,5.24,48.21,-51.88,71.02
15:43:03:0,4.25,47.88,-51.88,70.72
15:43:03:0,3.19,47.53,-51.88,70.43
15:43:03:1,2.17,47.27,-50.63,69.30
15:43:03:1,1.82,47.19,-50.20,68.92
15:43:03:1,3.36,48.04,-50.70,69.93
15:43:03:1,3.07,48.07,-50.80,70.01
15:43:03:1,1.82,48.21,-51.21,70.36
15:43:03:2,2.59,48.83,-51.51,71.02
15:43:03:2,3.53,49.58,-51.88,71.85
15:43:03:2,3.65,47.76,-50.81,69.82
15:43:03:2,3.70,47.01,-50.37,69.00
15:43:03:2,3.37,47.68,-50.69,69.67
15:43:03:2,3.36,47.44,-50.55,69.41
15:43:03:3,3.36,45.99,-49.70,67.80
15:43:03:3,3.50,46.98,-50.53,69.08
15:43:03:3,3.70,48.38,-51.71,70.91
15:43:03:3,4.86,48.84,-51.26,70.97
15:43:03:3,5.42,49.07,-51.04,71.01
15:43:03:3,3.97,47.31,-52.14,70.51
15:43:03:4,3.89,47.13,-52.11,70.37
15:43:03:4,4.05,46.67,-51.37,69.53
15:43:03:4,3.85,46.86,-51.19,69.51
15:43:03:4,3.53,47.19,-50.87,69.48
15:43:03:4,3.53,47.19,-51.51,69.95
15:43:03:4,3.53,47.19,-51.88,70.22
15:43:03:4,4.15,45.95,-49.77,67.87
15:43:03:5,4.03,45.98,-49.71,67.84
15:43:03:5,1.82,47.87,-51.88,70.61
15:43:03:5,2.29,47.87,-51.65,70.46
15:43:03:5,3.19,47.87,-51.21,70.17
15:43:03:5,3.91,47.35,-51.91,70.37
15:43:03:5,4.39,47.01,-52.38,70.52
15:43:03:6,3.94,47.16,-51.37,69.84
15:43:03:6,3.88,47.18,-51.20,69.73
15:43:03:6,4.05,47.01,-51.04,69.51
15:43:03:6,3.99,46.96,-50.89,69.36
15:43:03:6,3.88,46.84,-50.54,69.02
15:43:03:7,3.78,47.13,-51.39,69.83
15:43:03:7,3.70,47.36,-52.04,70.46
15:43:03:7,3.14,47.92,-50.94,70.01
15:43:03:7,3.02,48.04,-50.70,69.91
15:43:03:7,4.90,48.55,-51.54,70.98
15:43:03:7,5.03,48.51,-51.33,70.80
15:43:03:8,5.42,48.38,-50.70,70.29
15:43:03:8,4.97,47.94,-50.27,69.64
15:43:03:8,4.56,47.53,-49.87,69.04
15:43:03:8,2.69,48.33,-50.39,69.87
15:43:03:8,2.16,48.55,-50.54,70.12
15:43:03:8,3.53,46.16,-51.54,69.28
15:43:03:9,3.87,46.58,-51.28,69.38
15:43:03:9,5.07,48.04,-50.37,69.79
15:43:03:9,4.74,47.38,-50.86,69.67
15:43:03:9,4.39,46.67,-51.37,69.55
15:43:03:9,4.52,46.54,-51.75,69.75
15:43:03:9,4.56,46.50,-51.88,69.82
15:43:04:0,4.05,47.01,-51.04,69.51
15:43:04:0,4.14,47.04,-50.95,69.47
15:43:04:0,4.56,47.19,-50.54,69.29
15:43:04:0,4.56,47.03,-50.39,69.08
15:43:04:0,4.56,46.84,-50.20,68.81
15:43:04:0,3.59,47.09,-50.68,69.27
15:43:04:1,3.19,47.19,-50.87,69.46
15:43:04:1,3.19,47.52,-49.55,68.73
15:43:04:1,3.50,47.42,-49.83,68.88
15:43:04:1,5.24,46.84,-51.54,69.85
15:43:04:1,4.96,46.98,-51.13,69.61
15:43:04:1,4.56,47.19,-50.54,69.29
15:43:04:2,4.56,46.50,-52.11,69.99
15:43:04:2,4.56,46.16,-52.88,70.34
15:43:04:2,2.32,48.08,-51.32,70.36
15:43:04:2,2.32,48.02,-50.94,70.04
15:43:04:2,3.53,46.50,-48.86,67.54
15:43:04:2,3.40,46.50,-49.24,67.81
15:43:04:3,3.19,46.50,-49.87,68.26
15:43:04:3,3.63,47.16,-51.16,69.68
15:43:04:3,3.88,47.53,-51.88,70.46
15:43:04:3,4.34,47.99,-49.92,69.38
15:43:04:3,4.35,48.05,-49.84,69.37
15:43:04:3,3.88,48.21,-51.54,70.68
15:43:04:4,4.22,47.75,-51.32,70.22
15:43:04:4,4.90,46.84,-50.87,69.33
15:43:04:4,4.08,46.43,-50.87,69.00
15:43:04:4,3.53,46.16,-50.87,68.78
15:43:04:4,4.12,47.63,-51.16,70.02
15:43:04:5,4.23,47.78,-51.19,70.16
15:43:04:5,4.56,45.82,-50.87,68.62
15:43:04:5,4.56,46.23,-50.77,68.82
15:43:04:5,4.56,47.19,-50.54,69.29
15:43:04:5,4.17,46.99,-50.91,69.41
15:43:04:5,3.88,46.84,-51.21,69.51
15:43:04:5,3.03,47.41,-50.66,69.44
15:43:04:6,2.85,47.53,-50.54,69.43
15:43:04:6,3.02,47.01,-51.04,69.46
15:43:04:6,3.34,46.97,-51.17,69.54
15:43:04:6,4.22,46.84,-51.54,69.78
15:43:04:6,4.58,47.93,-51.19,70.27
15:43:04:6,4.90,48.90,-50.87,70.73
15:43:04:7,5.71,46.73,-50.34,68.92
15:43:04:7,5.93,46.16,-50.20,68.45
15:43:04:7,4.73,46.33,-51.71,69.59
15:43:04:7,4.49,46.57,-51.71,69.73
15:43:04:7,3.70,47.36,-51.71,70.22
15:43:04:7,4.30,47.44,-52.12,70.61
15:43:04:8,4.90,47.53,-52.55,71.02
15:43:04:8,3.87,47.53,-51.53,70.21
15:43:04:8,3.53,47.53,-51.21,69.95
15:43:04:8,4.39,46.33,-52.72,70.32
15:43:04:8,4.29,46.50,-52.22,70.05
15:43:04:8,3.88,47.19,-50.20,69.01
15:43:04:9,3.96,47.59,-50.28,69.34
15:43:04:9,4.05,48.04,-50.37,69.72
15:43:04:9,5.42,47.16,-51.97,70.39
15:43:04:9,5.93,46.84,-52.55,70.65
15:43:04:9,3.71,47.01,-52.38,70.48
15:43:05:0,4.09,47.04,-52.47,70.59
15:43:05:0,5.93,47.19,-52.88,71.12
15:43:05:0,5.63,46.89,-52.88,70.90
15:43:05:0,5.24,46.50,-52.88,70.62
15:43:05:0,5.00,47.69,-52.65,71.21
15:43:05:0,4.90,48.21,-52.55,71.48
15:43:05:0,5.56,46.24,-50.94,69.02
15:43:05:1,5.47,46.28,-50.94,69.04
15:43:05:1,4.73,47.01,-51.37,69.80
15:43:05:1,5.14,47.15,-51.37,69.92
15:43:05:1,5.76,47.36,-51.37,70.11
15:43:05:1,5.08,47.13,-52.26,70.56
15:43:05:1,4.73,47.01,-52.72,70.79
15:43:05:2,4.89,46.22,-52.25,69.93
15:43:05:2,4.78,46.18,-52.13,69.80
15:43:05:2,3.70,46.33,-51.37,69.28
15:43:05:2,3.45,46.58,-51.50,69.52
15:43:05:2,3.02,47.01,-51.71,69.95
15:43:05:2,3.77,46.69,-52.02,70.01
15:43:05:3,4.22,46.50,-52.21,70.04
15:43:05:3,4.22,46.50,-51.91,69.82
15:43:05:3,4.26,46.55,-51.81,69.78
15:43:05:3,4.90,47.19,-50.87,69.56
15:43:05:3,4.39,46.68,-51.15,69.38
15:43:05:3,3.36,45.65,-51.71,69.06
15:43:05:4,3.97,46.25,-52.10,69.78
15:43:05:4,4.39,46.67,-52.38,70.29
15:43:05:4,4.68,46.96,-53.24,71.14
15:43:05:4,4.69,47.00,-53.34,71.24
15:43:05:4,3.53,46.50,-51.88,69.76
15:43:05:5,3.63,46.70,-51.97,69.97
15:43:05:5,3.88,47.19,-52.21,70.48
15:43:05:5,3.88,47.57,-52.03,70.60
15:43:05:5,3.88,47.87,-51.88,70.70
15:43:05:5,5.27,46.47,-50.78,69.04
15:43:05:5,5.59,46.16,-50.54,68.67
15:43:05:6,4.05,47.01,-51.04,69.51
15:43:05:6,3.87,46.66,-51.21,69.39
15:43:05:6,3.36,45.65,-51.71,69.06
15:43:05:6,3.81,46.62,-51.45,69.53
15:43:05:6,4.22,47.53,-51.21,69.99
15:43:05:6,5.29,46.19,-50.94,68.97
15:43:05:6,5.59,45.82,-50.87,68.69
15:43:05:7,4.39,47.01,-51.37,69.78
15:43:05:7,4.27,46.90,-51.86,70.05
15:43:05:7,3.88,46.50,-53.55,71.03
15:43:05:7,4.04,47.16,-52.90,70.99
15:43:05:7,4.22,47.87,-52.21,70.96
15:43:05:7,3.71,46.34,-50.71,68.79
15:43:05:8,3.53,45.82,-50.20,68.06
15:43:05:8,4.22,46.50,-51.54,69.55
15:43:05:8,4.12,46.79,-51.51,69.71
15:43:05:8,3.70,48.04,-51.37,70.43
15:43:05:8,4.55,47.66,-51.45,70.28
15:43:05:9,5.59,47.19,-51.54,70.10
15:43:05:9,5.71,45.85,-51.18,68.95
15:43:05:9,5.76,45.30,-51.04,68.49
15:43:05:9,4.92,45.80,-50.88,68.63
15:43:05:9,4.93,45.89,-50.95,68.75
15:43:05:9,5.07,46.33,-51.37,69.37
15:43:06:0,5.50,46.04,-50.82,68.80
15:43:06:0,6.10,45.65,-50.04,68.00
15:43:06:0,5.52,45.99,-51.28,69.10
15:43:06:0,5.24,46.16,-51.88,69.64
15:43:06:0,4.76,47.28,-51.41,70.00
15:43:06:0,4.73,47.12,-51.30,69.81
15:43:06:1,4.73,45.30,-50.70,68.16
15:43:06:1,4.99,45.17,-50.83,68.19
15:43:06:1,5.42,44.96,-51.04,68.23
15:43:06:1,5.85,45.40,-51.47,68.88
15:43:06:1,6.10,45.65,-51.71,69.24
15:43:06:1,3.94,47.19,-51.10,69.67
15:43:06:2,3.90,47.33,-51.07,69.73
15:43:06:2,6.10,47.01,-51.37,69.91
15:43:06:2,5.92,46.48,-51.32,69.49
15:43:06:2,5.59,45.47,-51.21,68.71
15:43:06:2,5.59,45.47,-51.21,68.71
15:43:06:2,4.39,47.01,-51.71,70.03
15:43:06:3,5.58,47.01,-49.96,68.83
15:43:06:3,5.72,47.00,-49.83,68.74
15:43:06:3,4.90,46.84,-52.55,70.57
15:43:06:3,4.90,47.26,-51.83,70.31
15:43:06:3,4.90,48.21,-50.20,69.78
15:43:06:3,4.80,47.53,-51.06,69.92
15:43:06:4,4.73,47.01,-51.71,70.05
15:43:06:4,4.44,47.58,-52.27,70.82
15:43:06:4,4.40,47.67,-52.36,70.95
15:43:06:4,5.42,45.30,-50.70,68.21
15:43:06:4,5.46,45.81,-51.21,68.93
15:43:06:4,5.59,47.19,-52.55,70.85
15:43:06:5,4.95,46.18,-52.10,69.80
15:43:06:5,4.39,45.30,-51.71,68.89
15:43:06:5,5.34,45.44,-51.84,69.14
15:43:06:5,5.59,45.47,-51.88,69.21
15:43:06:5,5.76,47.01,-50.04,68.90
15:43:06:5,5.64,47.13,-50.15,69.06
15:43:06:6,5.24,47.53,-50.54,69.57
15:43:06:6,4.90,46.85,-50.70,69.21
15:43:06:6,4.56,46.16,-50.87,68.84
15:43:06:6,5.60,45.90,-52.14,69.69
15:43:06:6,5.93,45.82,-52.55,69.97
15:43:06:6,5.24,46.16,-51.21,69.14
15:43:06:7,5.24,46.16,-51.21,69.14
15:43:06:7,5.24,46.16,-51.21,69.14
15:43:06:7,5.72,46.48,-51.36,69.50
15:43:06:7,6.27,46.84,-51.54,69.93
15:43:06:7,4.53,46.59,-51.79,69.81
15:43:06:7,3.88,46.50,-51.88,69.78
15:43:06:8,4.04,47.00,-51.71,70.00
15:43:06:8,4.44,46.79,-51.76,69.92
15:43:06:8,6.44,45.65,-52.04,69.52
15:43:06:8,5.57,45.79,-52.19,69.65
15:43:06:8,4.39,45.99,-52.38,69.84
15:43:06:8,4.27,46.57,-51.11,69.28
15:43:06:9,4.22,46.84,-50.54,69.04
15:43:06:9,4.87,46.84,-50.85,69.31
15:43:06:9,4.77,46.58,-51.04,69.27
15:43:06:9,3.88,44.79,-52.21,68.90
15:43:06:9,4.01,45.32,-52.21,69.26
15:43:06:9,4.22,46.16,-52.21,69.82
15:43:07:0,4.44,45.71,-52.65,69.87
15:43:07:0,4.56,45.47,-52.88,69.90
15:43:07:0,3.62,47.04,-51.05,69.51
15:43:07:0,3.74,47.04,-51.01,69.49
15:43:07:0,5.76,45.65,-52.38,69.72
15:43:07:0,5.94,45.34,-51.73,69.04
15:43:07:1,6.27,44.79,-50.54,67.82
15:43:07:1,5.00,46.05,-51.36,69.17
15:43:07:1,4.22,46.84,-51.88,70.02
15:43:07:1,4.52,46.24,-51.58,69.42
15:43:07:1,4.54,46.12,-51.60,69.35
15:43:07:2,4.22,45.47,-52.55,69.62
15:43:07:2,4.33,46.13,-52.01,69.66
15:43:07:2,4.56,47.53,-50.87,69.77
15:43:07:2,4.26,46.83,-50.97,69.35
15:43:07:2,4.05,46.33,-51.04,69.05
15:43:07:2,3.47,47.20,-51.89,70.23
15:43:07:3,3.38,47.34,-52.05,70.44
15:43:07:3,4.22,46.50,-52.21,70.04
15:43:07:3,4.02,46.79,-52.40,70.37
15:43:07:3,3.53,47.53,-52.88,71.19
15:43:07:3,4.46,46.41,-52.15,69.95
15:43:07:3,5.24,45.47,-51.54,68.94
15:43:07:3,5.38,46.44,-51.95,69.89
15:43:07:4,5.42,46.67,-52.04,70.12
15:43:07:4,5.59,46.16,-52.21,69.91
15:43:07:4,5.50,46.16,-51.88,69.66
15:43:07:4,5.24,46.16,-50.87,68.89
15:43:07:4,5.07,46.33,-51.21,69.25
15:43:07:4,4.90,46.50,-51.54,69.59
15:43:07:5,5.17,46.50,-52.06,69.99
15:43:07:5,5.24,46.50,-52.21,70.11
15:43:07:5,5.59,47.87,-50.54,69.83
15:43:07:5,5.62,47.83,-50.79,69.99
15:43:07:5,5.76,47.70,-51.71,70.59
15:43:07:5,6.41,46.72,-51.87,70.10
15:43:07:6,7.13,45.65,-52.04,69.59
15:43:07:6,6.49,46.02,-52.17,69.87
15:43:07:6,6.27,46.16,-52.21,69.97
15:43:07:6,5.59,46.50,-51.21,69.40
15:43:07:6,5.68,46.41,-51.24,69.36
15:43:07:7,6.10,45.99,-51.37,69.22
15:43:07:7,6.10,46.29,-51.37,69.42
15:43:07:7,6.10,46.67,-51.37,69.68
15:43:07:7,5.86,46.43,-52.31,70.19
15:43:07:7,5.76,46.33,-52.72,70.42
15:43:07:7,4.77,45.67,-51.42,68.94
15:43:07:8,4.68,45.69,-51.52,69.02
15:43:07:8,4.39,45.99,-52.38,69.84
15:43:07:8,4.66,46.40,-52.51,70.23
15:43:07:8,5.07,47.01,-52.72,70.82
15:43:07:8,4.16,46.78,-52.05,70.11
15:43:07:8,3.70,46.67,-51.71,69.76
15:43:07:8,6.39,46.20,-51.24,69.29
15:43:07:9,6.45,46.14,-51.22,69.24
15:43:07:9,5.07,45.99,-51.37,69.14
15:43:07:9,4.82,46.11,-52.24,69.85
15:43:07:9,4.39,46.33,-53.72,71.08
15:43:07:9,4.93,46.87,-53.19,71.07
15:43:07:9,5.24,47.19,-52.88,71.07
15:43:08:0,6.61,47.34,-51.54,70.29
15:43:08:0,6.75,47.34,-51.36,70.18
15:43:08:0,6.27,47.19,-51.21,69.91
15:43:08:0,6.21,47.24,-51.15,69.91
15:43:08:0,6.10,47.36,-51.04,69.89
15:43:08:1,6.00,47.05,-51.93,70.33
15:43:08:1,5.93,46.84,-52.55,70.65
15:43:08:1,4.61,46.11,-50.69,68.68
15:43:08:1,4.48,46.07,-50.39,68.42
15:43:08:1,7.30,48.55,-50.87,70.70
15:43:08:1,6.54,48.30,-50.92,70.49
15:43:08:2,4.73,47.70,-51.04,70.02
15:43:08:2,5.21,47.98,-51.13,70.31
15:43:08:2,5.59,48.21,-51.21,70.55
15:43:08:2,6.57,46.67,-50.79,69.29
15:43:08:2,6.78,46.33,-50.70,69.02
15:43:08:2,6.10,47.70,-51.04,70.12
15:43:08:3,5.92,47.79,-50.86,70.04
15:43:08:3,5.42,48.04,-50.37,69.82
15:43:08:3,5.50,46.70,-51.33,69.61
15:43:08:3,5.59,45.47,-52.21,69.46
15:43:08:3,5.32,46.01,-51.42,69.21
15:43:08:3,5.24,46.16,-51.21,69.14
15:43:08:4,5.07,47.36,-51.71,70.30
15:43:08:4,5.15,47.43,-51.48,70.19
15:43:08:4,5.42,47.70,-50.70,69.82
15:43:08:4,5.25,48.03,-50.87,70.16
15:43:08:5,5.07,48.38,-51.04,70.51
15:43:08:5,4.69,47.74,-51.42,70.32
15:43:08:5,4.56,47.53,-51.54,70.26
15:43:08:5,5.76,47.36,-52.04,70.60
15:43:08:5,5.76,47.23,-51.85,70.37
15:43:08:5,5.76,46.67,-51.04,69.40
15:43:08:5,5.29,46.36,-50.74,68.93
15:43:08:5,4.73,45.99,-50.37,68.37
15:43:08:6,5.58,46.11,-50.73,68.78
15:43:08:6,5.93,46.16,-50.87,68.95
15:43:08:6,4.76,48.32,-51.36,70.68
15:43:08:6,4.57,47.91,-51.27,70.32
15:43:08:6,3.70,45.30,-50.70,68.10
15:43:08:6,4.56,45.73,-50.84,68.53
15:43:08:7,5.76,46.33,-51.04,69.17
15:43:08:7,4.83,46.56,-51.72,69.76
15:43:08:7,4.39,46.67,-52.04,70.04
15:43:08:7,4.39,46.99,-50.79,69.33
15:43:08:7,4.45,47.07,-50.64,69.29
15:43:08:7,4.90,47.53,-50.20,69.30
15:43:08:8,5.03,47.27,-50.58,69.41
15:43:08:8,5.24,46.84,-51.21,69.60
15:43:08:8,5.02,46.84,-50.56,69.11
15:43:08:8,4.90,46.84,-50.20,68.84
15:43:08:8,5.06,47.62,-49.44,68.83
15:43:08:8,5.25,47.58,-49.59,68.93
15:43:08:9,7.13,46.33,-52.04,70.04
15:43:08:9,7.01,46.21,-51.81,69.78
15:43:08:9,6.78,45.99,-51.37,69.28
15:43:08:9,6.37,47.03,-51.37,69.94
15:43:08:9,6.10,47.70,-51.37,70.37
15:43:08:9,4.91,46.81,-51.66,69.89
15:43:09:0,4.75,46.66,-51.68,69.78
15:43:09:0,5.07,46.33,-51.04,69.12
15:43:09:0,5.02,46.59,-50.99,69.25
15:43:09:0,4.90,47.19,-50.87,69.56
15:43:09:0,4.90,46.99,-51.25,69.71
15:43:09:0,4.90,46.84,-51.54,69.82
15:43:09:1,5.47,46.27,-51.82,69.69
15:43:09:1,5.58,46.17,-51.89,69.68
15:43:09:1,4.73,47.36,-52.72,71.02
15:43:09:1,4.59,47.68,-52.30,70.93
15:43:09:1,4.22,48.55,-51.21,70.69
15:43:09:1,4.40,47.27,-51.39,69.96
15:43:09:2,4.56,46.16,-51.54,69.34
15:43:09:2,6.74,47.79,-51.01,70.22
15:43:09:2,7.30,48.21,-50.87,70.47
15:43:09:2,6.61,46.84,-51.21,69.71
15:43:09:2,6.25,46.88,-51.17,69.68
15:43:09:2,5.07,47.01,-51.04,69.58
15:43:09:3,5.33,47.95,-51.12,70.29
15:43:09:3,5.59,48.90,-51.21,71.02
15:43:09:3,6.50,47.46,-51.08,70.03
15:43:09:3,6.78,47.01,-51.04,69.72
15:43:09:3,6.27,46.50,-50.54,68.96
15:43:09:4,5.95,46.89,-51.19,69.67
15:43:09:4,4.73,48.38,-53.72,72.45
15:43:09:4,5.36,48.38,-52.16,71.35
15:43:09:4,6.10,48.38,-50.37,70.11
15:43:09:4,6.59,47.39,-51.82,70.53
15:43:09:4,6.78,47.01,-52.38,70.71
15:43:09:5,5.32,47.15,-52.77,70.96
15:43:09:5,4.90,47.19,-52.88,71.04
15:43:09:5,5.12,46.74,-51.80,69.96
15:43:09:5,5.24,46.50,-51.21,69.37
15:43:09:5,4.61,47.44,-52.13,70.64
15:43:09:5,4.64,47.60,-52.19,70.79
15:43:09:5,5.93,48.90,-51.88,71.54
15:43:09:6,6.27,48.55,-51.77,71.25
15:43:09:6,6.95,47.87,-51.54,70.69
15:43:09:6,5.60,46.93,-52.05,70.31
15:43:09:6,4.73,46.33,-52.38,70.09
15:43:09:6,5.33,47.54,-51.49,70.28
15:43:09:7,5.40,47.69,-51.35,70.29
15:43:09:7,4.39,47.36,-50.04,69.03
15:43:09:7,4.89,47.06,-50.72,69.36
15:43:09:7,6.10,46.33,-52.38,70.20
15:43:09:7,5.22,46.82,-51.90,70.09
15:43:09:7,4.56,47.19,-51.54,70.03
15:43:09:7,5.86,47.33,-51.97,70.53
15:43:09:8,6.10,47.36,-52.04,70.63
15:43:09:8,5.07,47.01,-52.04,70.32
15:43:09:8,5.07,47.28,-51.96,70.43
15:43:09:8,5.07,48.04,-51.71,70.76
15:43:09:8,4.71,47.49,-51.35,70.11
15:43:09:8,4.39,47.01,-51.04,69.53
15:43:09:9,5.22,46.74,-51.58,69.80
15:43:09:9,5.42,46.67,-51.71,69.87
15:43:09:9,6.95,46.84,-51.88,70.24
15:43:09:9,6.58,46.69,-51.88,70.11
15:43:09:9,5.24,46.16,-51.88,69.64
15:43:09:9,5.83,46.41,-51.63,69.67
15:43:10:0,6.44,46.67,-51.37,69.71
15:43:10:0,5.78,46.54,-51.50,69.66
15:43:10:0,5.59,46.50,-51.54,69.64
15:43:10:0,5.42,46.33,-52.72,70.39
15:43:10:0,5.23,46.58,-52.59,70.45
15:43:10:1,4.39,47.70,-52.04,70.73
15:43:10:1,4.86,47.70,-52.04,70.76
15:43:10:1,5.42,47.70,-52.04,70.80
15:43:10:1,4.66,46.45,-52.04,69.91
15:43:10:1,4.39,45.99,-52.04,69.59
15:43:10:1,5.07,46.33,-52.04,69.86
15:43:10:2,5.05,46.35,-52.07,69.89
15:43:10:2,4.90,46.50,-52.21,70.09
15:43:10:2,4.40,46.29,-52.42,70.07
15:43:10:2,3.70,45.99,-52.72,70.05
15:43:10:2,3.82,45.63,-51.90,69.22
15:43:10:2,3.88,45.47,-51.54,68.84
15:43:10:2,4.37,45.64,-51.38,68.86
15:43:10:3,4.26,45.74,-51.46,68.98
15:43:10:3,3.19,46.50,-52.21,69.99
15:43:10:3,3.77,46.69,-51.89,69.91
15:43:10:3,4.73,47.01,-51.37,69.80
15:43:10:3,5.18,46.57,-51.59,69.69
15:43:10:3,5.42,46.33,-51.71,69.64
15:43:10:4,5.89,46.17,-51.87,69.69
15:43:10:4,5.85,46.12,-51.89,69.67
15:43:10:4,4.73,45.65,-52.04,69.39
15:43:10:4,5.08,45.76,-51.93,69.40
15:43:10:4,5.76,45.99,-51.71,69.44
15:43:10:4,5.65,47.36,-51.81,70.42
15:43:10:5,5.59,48.21,-51.88,71.04
15:43:10:5,4.52,47.45,-50.83,69.68
15:43:10:5,4.40,47.31,-50.73,69.51
15:43:10:5,4.90,45.82,-51.54,69.14
15:43:10:5,4.95,46.07,-51.39,69.20
15:43:10:6,5.07,46.67,-51.04,69.35
15:43:10:6,4.48,46.08,-51.04,68.91
15:43:10:6,4.05,45.65,-51.04,68.59
15:43:10:6,5.94,46.96,-51.18,69.71
15:43:10:6,6.27,47.19,-51.21,69.91
15:43:10:6,5.59,47.19,-51.88,70.35
15:43:10:7,5.36,47.41,-52.01,70.58
15:43:10:7,4.73,48.04,-52.38,71.23
15:43:10:7,5.65,47.12,-52.20,70.55
15:43:10:7,6.44,46.33,-52.04,69.98
15:43:10:7,5.47,47.58,-51.91,70.63
15:43:10:7,5.24,47.87,-51.88,70.78
15:43:10:8,6.10,45.30,-50.70,68.27
15:43:10:8,6.10,45.46,-50.78,68.43
15:43:10:8,6.10,45.99,-51.04,68.97
15:43:10:8,5.50,46.93,-51.63,69.99
15:43:10:8,4.90,47.87,-52.21,71.00
15:43:10:8,5.70,46.54,-50.91,69.22
15:43:10:8,5.93,46.16,-50.54,68.70
15:43:10:9,7.13,46.67,-51.04,69.53
15:43:10:9,6.64,46.51,-51.13,69.44
15:43:10:9,4.56,45.82,-51.54,69.11
15:43:10:9,4.95,46.21,-51.46,69.35
15:43:10:9,5.42,46.67,-51.37,69.62
15:43:11:0,5.42,46.92,-51.37,69.79
15:43:11:0,5.42,47.01,-51.37,69.85
15:43:11:0,5.07,47.01,-52.72,70.82
15:43:11:0,5.38,46.96,-52.72,70.81
15:43:11:0,7.13,46.67,-52.72,70.77
15:43:11:0,6.76,46.60,-52.36,70.42
15:43:11:1,6.27,46.50,-51.88,69.95
15:43:11:1,5.31,46.02,-51.88,69.55
15:43:11:1,4.90,45.82,-51.88,69.39
15:43:11:1,5.23,46.81,-51.88,70.07
15:43:11:1,5.36,46.69,-51.95,70.05
15:43:11:2,6.27,45.47,-52.55,69.77
15:43:11:2,5.54,46.07,-52.22,69.86
15:43:11:2,4.39,47.01,-51.71,70.03
15:43:11:2,4.16,46.79,-51.05,69.37
15:43:11:2,4.05,46.67,-50.70,69.03
15:43:11:2,5.64,46.35,-51.02,69.16
15:43:11:2,5.72,46.34,-51.17,69.27
15:43:11:3,5.24,46.50,-52.88,70.62
15:43:11:3,5.66,46.44,-52.94,70.65
15:43:11:3,6.44,46.33,-53.05,70.73
15:43:11:3,6.33,46.65,-53.15,71.00
15:43:11:3,6.27,46.84,-53.22,71.17
15:43:11:3,6.58,47.15,-52.31,70.73
15:43:11:4,6.59,47.16,-52.22,70.67
15:43:11:4,5.93,46.50,-52.55,70.42
15:43:11:4,5.87,46.77,-52.18,70.32
15:43:11:4,5.76,47.36,-51.37,70.11
15:43:11:4,6.36,47.36,-52.16,70.74
15:43:11:4,6.78,47.36,-52.72,71.19
15:43:11:5,5.75,46.62,-52.00,70.07
15:43:11:5,5.59,46.50,-51.88,69.89
15:43:11:5,6.27,46.50,-52.21,70.20
15:43:11:5,6.32,46.45,-52.62,70.48
15:43:11:5,6.44,46.33,-53.72,71.23
15:43:11:5,6.54,46.61,-52.71,70.67
15:43:11:6,6.61,46.84,-51.88,70.21
15:43:11:6,5.91,46.70,-52.84,70.77
15:43:11:6,5.76,46.67,-53.05,70.89
15:43:11:6,5.76,46.33,-53.72,71.17
15:43:11:6,5.88,46.37,-53.45,71.00
15:43:11:6,6.27,46.50,-52.55,70.45
15:43:11:7,6.44,46.50,-52.21,70.21
15:43:11:7,6.61,46.50,-51.88,69.98
15:43:11:7,6.75,46.37,-51.22,69.42
15:43:11:7,6.78,46.33,-51.04,69.26
15:43:11:7,5.76,46.67,-51.37,69.65
15:43:11:7,5.69,46.60,-51.50,69.69
15:43:11:8,5.42,46.33,-52.04,69.89
15:43:11:8,5.42,46.33,-51.41,69.42
15:43:11:8,5.42,46.33,-50.70,68.90
15:43:11:8,5.80,46.71,-51.08,69.46
15:43:11:8,5.93,46.84,-51.21,69.65
15:43:11:9,6.78,46.67,-51.71,69.99
15:43:11:9,6.65,46.64,-51.68,69.94
15:43:11:9,5.93,46.50,-51.54,69.67
15:43:11:9,6.00,47.02,-52.19,70.50
15:43:11:9,6.10,47.70,-53.05,71.60
15:43:11:9,5.98,46.85,-52.22,70.41
15:43:11:9,5.93,46.50,-51.88,69.92
15:43:12:0,6.60,47.17,-51.22,69.94
15:43:12:0,6.39,47.21,-51.34,70.04
15:43:12:0,4.73,47.36,-52.38,70.77
